Time      	MABP      	CBFV-L    	CBFV-R    	etCO2     
0.00      	106.42    	50.26     	54.48     	5.02      
0.50      	107.03    	50.70     	54.68     	5.02      
1.00      	107.63    	51.27     	54.88     	5.02      
1.50      	108.36    	51.70     	54.60     	5.02      
2.00      	109.08    	51.87     	54.32     	5.02      
2.50      	109.36    	51.76     	55.04     	5.05      
3.00      	109.64    	51.62     	55.76     	5.07      
3.50      	109.84    	51.51     	56.39     	5.10      
4.00      	110.05    	51.47     	57.01     	5.12      
4.50      	110.74    	51.57     	57.56     	5.12      
5.00      	111.45    	51.65     	58.11     	5.12      
5.50      	112.66    	51.78     	57.76     	5.12      
6.00      	113.89    	51.84     	57.39     	5.12      
6.50      	114.41    	51.71     	57.78     	5.07      
7.00      	114.88    	51.60     	58.17     	5.01      
7.50      	111.68    	50.84     	58.61     	4.97      
8.00      	108.60    	50.46     	59.04     	4.94      
8.50      	109.03    	51.09     	59.06     	4.91      
9.00      	109.48    	51.60     	59.09     	4.88      
9.50      	110.27    	51.92     	59.20     	4.88      
10.00     	111.03    	52.00     	59.34     	4.88      
10.50     	111.44    	51.88     	59.80     	4.88      
11.00     	111.95    	51.81     	60.24     	4.88      
11.50     	113.38    	51.97     	60.51     	4.88      
12.00     	114.82    	52.11     	60.68     	4.88      
12.50     	116.40    	52.23     	60.15     	4.88      
13.00     	117.73    	52.24     	59.61     	4.88      
13.50     	117.81    	52.02     	59.00     	4.87      
14.00     	117.93    	51.93     	58.15     	4.87      
14.50     	118.17    	51.98     	56.56     	4.87      
15.00     	118.21    	52.03     	55.20     	4.87      
15.50     	117.88    	52.02     	54.30     	4.87      
16.00     	117.59    	52.05     	53.65     	4.87      
16.50     	117.35    	52.10     	53.35     	4.87      
17.00     	117.02    	52.12     	52.93     	4.87      
17.50     	116.62    	52.12     	52.37     	4.87      
18.00     	116.34    	52.14     	52.10     	4.87      
18.50     	116.18    	52.17     	52.06     	4.88      
19.00     	115.82    	52.13     	51.81     	4.91      
19.50     	115.32    	52.07     	51.42     	4.94      
20.00     	115.03    	52.07     	50.61     	4.96      
20.50     	114.86    	52.09     	49.58     	4.96      
21.00     	114.77    	52.10     	49.80     	4.96      
21.50     	114.70    	52.10     	50.56     	4.96      
22.00     	114.85    	52.12     	50.65     	4.97      
22.50     	115.07    	52.13     	50.51     	4.98      
23.00     	115.13    	52.09     	50.96     	5.03      
23.50     	115.13    	52.04     	51.58     	5.09      
24.00     	114.87    	51.96     	51.72     	5.10      
24.50     	114.55    	51.92     	51.74     	5.10      
25.00     	114.05    	51.88     	52.54     	5.10      
25.50     	113.51    	51.87     	53.52     	5.10      
26.00     	113.22    	51.94     	54.50     	5.10      
26.50     	112.99    	52.01     	55.49     	5.10      
27.00     	113.29    	52.16     	55.58     	5.10      
27.50     	113.70    	52.27     	55.47     	5.10      
28.00     	113.94    	52.28     	56.04     	5.11      
28.50     	114.15    	52.26     	56.75     	5.11      
29.00     	113.81    	52.14     	56.63     	5.12      
29.50     	113.37    	52.07     	56.34     	5.12      
30.00     	113.01    	52.08     	55.71     	5.12      
30.50     	112.66    	52.13     	55.02     	5.12      
31.00     	112.66    	52.25     	55.09     	5.12      
31.50     	112.71    	52.33     	55.28     	5.12      
32.00     	112.86    	52.38     	55.67     	5.12      
32.50     	113.01    	52.39     	56.09     	5.12      
33.00     	113.66    	52.48     	57.18     	5.12      
33.50     	114.33    	52.52     	58.32     	5.12      
34.00     	114.84    	52.49     	57.53     	5.06      
34.50     	115.33    	52.44     	56.70     	5.00      
35.00     	115.24    	52.29     	55.52     	4.91      
35.50     	115.13    	52.20     	54.37     	4.83      
36.00     	114.66    	52.09     	53.71     	4.83      
36.50     	114.20    	52.05     	53.07     	4.83      
37.00     	113.83    	52.05     	52.61     	4.83      
37.50     	113.45    	52.05     	52.19     	4.83      
38.00     	112.89    	51.99     	52.35     	4.83      
38.50     	112.38    	51.95     	52.46     	4.83      
39.00     	112.43    	52.03     	51.91     	4.83      
39.50     	112.52    	52.06     	51.38     	4.83      
40.00     	113.02    	52.13     	50.98     	4.83      
40.50     	113.45    	52.11     	50.66     	4.83      
41.00     	113.23    	51.94     	50.91     	4.82      
41.50     	113.03    	51.82     	51.04     	4.82      
42.00     	112.90    	51.77     	50.64     	4.82      
42.50     	112.74    	51.75     	50.16     	4.82      
43.00     	112.43    	51.72     	49.47     	4.82      
43.50     	112.13    	51.70     	48.79     	4.82      
44.00     	111.86    	51.69     	48.14     	4.82      
44.50     	111.58    	51.68     	48.01     	4.82      
45.00     	111.29    	51.67     	48.59     	4.82      
45.50     	111.27    	51.71     	49.05     	4.82      
46.00     	111.52    	51.79     	49.37     	4.82      
46.50     	111.80    	51.83     	49.50     	4.82      
47.00     	112.10    	51.85     	49.46     	4.82      
47.50     	112.11    	51.78     	49.82     	4.82      
48.00     	111.89    	51.70     	50.47     	4.82      
48.50     	111.78    	51.70     	51.27     	4.82      
49.00     	111.73    	51.75     	52.15     	4.82      
49.50     	111.72    	51.80     	52.66     	4.82      
50.00     	111.73    	51.86     	52.98     	4.82      
50.50     	111.62    	51.87     	53.37     	4.82      
51.00     	111.46    	51.88     	53.78     	4.82      
51.50     	111.61    	51.96     	54.05     	4.82      
52.00     	111.89    	52.04     	54.25     	4.82      
52.50     	112.59    	52.18     	54.66     	4.85      
53.00     	113.43    	52.29     	55.14     	4.88      
53.50     	113.93    	52.25     	55.77     	4.94      
54.00     	114.33    	52.19     	56.44     	5.01      
54.50     	114.83    	52.18     	57.35     	5.03      
55.00     	115.35    	52.19     	58.34     	5.03      
55.50     	115.47    	52.12     	57.32     	4.98      
56.00     	115.49    	52.06     	55.74     	4.92      
56.50     	115.83    	52.09     	55.75     	4.89      
57.00     	116.25    	52.13     	56.14     	4.87      
57.50     	115.96    	51.99     	55.68     	4.83      
58.00     	115.52    	51.86     	55.04     	4.80      
58.50     	114.87    	51.74     	54.75     	4.80      
59.00     	114.21    	51.68     	54.48     	4.80      
59.50     	113.98    	51.73     	53.94     	4.80      
60.00     	113.79    	51.78     	53.40     	4.80      
60.50     	113.98    	51.85     	52.89     	4.80      
61.00     	114.09    	51.85     	52.43     	4.80      
61.50     	113.93    	51.76     	52.19     	4.79      
62.00     	113.78    	51.70     	51.97     	4.79      
62.50     	113.70    	51.69     	51.85     	4.78      
63.00     	113.61    	51.69     	51.54     	4.77      
63.50     	113.50    	51.72     	50.89     	4.77      
64.00     	113.40    	51.75     	50.25     	4.77      
64.50     	113.29    	51.78     	49.64     	4.77      
65.00     	113.19    	51.83     	49.45     	4.77      
65.50     	113.13    	51.89     	49.86     	4.77      
66.00     	112.98    	51.92     	49.91     	4.78      
66.50     	112.72    	51.95     	49.48     	4.78      
67.00     	112.44    	51.99     	49.37     	4.78      
67.50     	112.12    	52.03     	49.64     	4.78      
68.00     	111.72    	52.06     	49.74     	4.78      
68.50     	111.23    	52.09     	49.64     	4.78      
69.00     	111.00    	52.18     	49.55     	4.78      
69.50     	111.06    	52.30     	49.48     	4.78      
70.00     	111.07    	52.35     	49.87     	4.80      
70.50     	111.03    	52.36     	50.70     	4.82      
71.00     	110.80    	52.30     	51.32     	4.85      
71.50     	110.42    	52.22     	51.79     	4.90      
72.00     	110.31    	52.24     	52.22     	4.92      
72.50     	110.41    	52.29     	52.64     	4.92      
73.00     	110.63    	52.33     	53.26     	4.92      
73.50     	110.93    	52.33     	54.03     	4.92      
74.00     	111.05    	52.26     	53.93     	4.92      
74.50     	111.10    	52.17     	53.39     	4.91      
75.00     	110.86    	52.04     	53.47     	4.89      
75.50     	110.54    	51.94     	53.75     	4.86      
76.00     	109.77    	51.79     	53.89     	4.85      
76.50     	108.91    	51.69     	54.01     	4.85      
77.00     	108.35    	51.71     	53.44     	4.85      
77.50     	107.82    	51.74     	52.83     	4.85      
78.00     	107.62    	51.81     	53.31     	4.85      
78.50     	107.49    	51.84     	53.78     	4.85      
79.00     	108.13    	52.00     	54.12     	4.85      
79.50     	108.75    	52.05     	54.47     	4.86      
80.00     	109.25    	52.01     	55.00     	4.88      
80.50     	109.69    	51.94     	55.36     	4.90      
81.00     	109.88    	51.84     	54.93     	4.93      
81.50     	110.19    	51.81     	54.45     	4.96      
82.00     	110.90    	51.89     	53.75     	4.96      
82.50     	111.56    	51.93     	53.39     	4.96      
83.00     	112.10    	51.91     	53.92     	4.96      
83.50     	112.65    	51.87     	54.12     	4.96      
84.00     	113.21    	51.84     	53.60     	4.95      
84.50     	113.71    	51.81     	53.27     	4.92      
85.00     	114.08    	51.75     	53.27     	4.86      
85.50     	114.14    	51.65     	52.86     	4.82      
86.00     	113.71    	51.50     	51.82     	4.82      
86.50     	113.60    	51.49     	51.54     	4.82      
87.00     	113.89    	51.59     	52.27     	4.82      
87.50     	114.40    	51.69     	52.85     	4.82      
88.00     	115.17    	51.77     	53.21     	4.82      
88.50     	115.25    	51.64     	53.15     	4.83      
89.00     	114.61    	51.39     	52.64     	4.83      
89.50     	114.06    	51.29     	52.44     	4.85      
90.00     	113.56    	51.28     	52.46     	4.88      
90.50     	112.93    	51.30     	52.38     	4.89      
91.00     	112.25    	51.32     	52.27     	4.89      
91.50     	111.79    	51.39     	52.71     	4.89      
92.00     	111.38    	51.46     	53.29     	4.89      
92.50     	111.09    	51.52     	53.11     	4.89      
93.00     	110.82    	51.56     	52.89     	4.89      
93.50     	110.43    	51.57     	53.62     	4.86      
94.00     	110.07    	51.60     	54.29     	4.83      
94.50     	109.81    	51.66     	54.54     	4.76      
95.00     	109.56    	51.72     	54.58     	4.71      
95.50     	109.33    	51.79     	53.86     	4.71      
96.00     	109.21    	51.87     	53.01     	4.71      
96.50     	109.38    	51.99     	51.86     	4.71      
97.00     	109.39    	52.03     	51.18     	4.71      
97.50     	109.11    	52.00     	51.39     	4.72      
98.00     	108.92    	52.01     	51.47     	4.73      
98.50     	108.89    	52.07     	51.34     	4.73      
99.00     	108.86    	52.12     	51.34     	4.74      
99.50     	108.84    	52.14     	51.55     	4.74      
100.00    	109.25    	52.25     	51.70     	4.74      
100.50    	110.17    	52.40     	51.79     	4.75      
101.00    	110.76    	52.37     	51.93     	4.77      
101.50    	110.98    	52.24     	52.11     	4.81      
102.00    	111.08    	52.11     	52.45     	4.83      
102.50    	111.05    	52.01     	52.94     	4.83      
103.00    	110.97    	51.96     	53.30     	4.83      
103.50    	110.82    	51.92     	53.53     	4.83      
104.00    	110.96    	51.96     	53.75     	4.83      
104.50    	111.36    	52.03     	53.96     	4.83      
105.00    	111.52    	51.99     	54.31     	4.84      
105.50    	111.47    	51.90     	54.78     	4.86      
106.00    	111.31    	51.81     	54.67     	4.90      
106.50    	111.06    	51.75     	54.07     	4.94      
107.00    	110.89    	51.76     	54.43     	4.96      
107.50    	110.78    	51.81     	55.62     	4.96      
108.00    	111.10    	51.94     	56.32     	4.96      
108.50    	111.75    	52.10     	56.63     	4.96      
109.00    	112.22    	52.15     	56.42     	4.96      
109.50    	112.57    	52.14     	55.84     	4.96      
110.00    	112.51    	52.07     	55.79     	4.95      
110.50    	112.26    	52.02     	56.00     	4.94      
111.00    	112.23    	52.09     	56.00     	4.94      
111.50    	112.28    	52.21     	55.92     	4.94      
112.00    	112.33    	52.31     	56.05     	4.94      
112.50    	112.38    	52.38     	56.20     	4.94      
113.00    	112.98    	52.53     	56.18     	4.94      
113.50    	113.54    	52.62     	56.15     	4.94      
114.00    	113.71    	52.57     	56.02     	4.94      
114.50    	113.85    	52.51     	55.78     	4.94      
115.00    	113.88    	52.46     	55.16     	4.95      
115.50    	114.08    	52.47     	54.74     	4.95      
116.00    	114.63    	52.54     	54.76     	4.95      
116.50    	115.15    	52.55     	54.62     	4.95      
117.00    	115.63    	52.51     	54.19     	4.95      
117.50    	116.16    	52.45     	54.30     	4.96      
118.00    	116.74    	52.39     	55.04     	4.96      
118.50    	117.27    	52.31     	55.64     	4.97      
119.00    	117.74    	52.23     	56.09     	4.98      
119.50    	117.81    	52.07     	56.28     	4.98      
120.00    	117.53    	51.89     	56.27     	4.98      
120.50    	117.30    	51.81     	55.96     	4.98      
121.00    	117.11    	51.78     	55.43     	4.98      
121.50    	116.93    	51.77     	55.48     	4.98      
122.00    	116.77    	51.77     	55.92     	4.98      
122.50    	116.20    	51.67     	55.75     	4.97      
123.00    	115.39    	51.58     	55.22     	4.95      
123.50    	113.54    	51.32     	54.50     	4.95      
124.00    	111.14    	51.11     	53.67     	4.95      
124.50    	110.20    	51.36     	54.08     	4.97      
125.00    	109.93    	51.72     	55.06     	5.00      
125.50    	109.68    	51.93     	55.33     	5.00      
126.00    	109.45    	52.00     	55.28     	5.00      
126.50    	109.43    	52.05     	55.03     	5.00      
127.00    	109.49    	52.09     	54.70     	5.00      
127.50    	109.49    	52.10     	54.42     	5.00      
128.00    	109.46    	52.11     	54.17     	5.00      
128.50    	109.64    	52.19     	54.87     	5.00      
129.00    	109.90    	52.27     	55.96     	5.00      
129.50    	110.73    	52.44     	56.61     	4.99      
130.00    	111.76    	52.57     	57.11     	4.99      
130.50    	112.38    	52.53     	57.84     	4.99      
131.00    	112.88    	52.45     	58.65     	4.99      
131.50    	112.85    	52.28     	58.93     	4.99      
132.00    	112.71    	52.17     	59.13     	4.99      
132.50    	113.03    	52.22     	58.41     	4.99      
133.00    	113.39    	52.28     	57.78     	4.99      
133.50    	114.08    	52.36     	58.00     	4.99      
134.00    	114.80    	52.38     	58.34     	4.99      
134.50    	115.57    	52.36     	59.04     	4.99      
135.00    	116.04    	52.25     	59.17     	4.99      
135.50    	116.04    	52.07     	58.42     	5.01      
136.00    	116.00    	51.96     	57.78     	5.03      
136.50    	115.92    	51.92     	57.26     	5.04      
137.00    	115.66    	51.88     	56.89     	5.05      
137.50    	115.28    	51.85     	56.60     	5.05      
138.00    	115.04    	51.87     	56.27     	5.05      
138.50    	114.86    	51.91     	55.91     	5.05      
139.00    	114.21    	51.84     	55.14     	5.02      
139.50    	113.42    	51.78     	54.27     	4.99      
140.00    	112.59    	51.75     	52.61     	4.95      
140.50    	111.75    	51.76     	50.79     	4.91      
141.00    	111.14    	51.85     	50.64     	4.91      
141.50    	110.57    	51.92     	50.79     	4.91      
142.00    	110.08    	51.98     	50.51     	4.91      
142.50    	109.60    	52.02     	50.17     	4.91      
143.00    	109.57    	52.13     	49.82     	4.91      
143.50    	109.60    	52.21     	49.46     	4.91      
144.00    	109.81    	52.28     	50.46     	4.91      
144.50    	110.04    	52.31     	51.62     	4.91      
145.00    	109.79    	52.21     	51.32     	4.91      
145.50    	109.48    	52.13     	50.82     	4.91      
146.00    	109.15    	52.10     	51.23     	4.91      
146.50    	108.82    	52.09     	51.77     	4.91      
147.00    	108.74    	52.15     	52.10     	4.91      
147.50    	108.69    	52.18     	52.41     	4.91      
148.00    	109.21    	52.30     	52.25     	4.91      
148.50    	109.82    	52.35     	52.02     	4.91      
149.00    	110.50    	52.36     	52.49     	4.92      
149.50    	111.18    	52.33     	53.04     	4.93      
150.00    	111.19    	52.15     	52.66     	4.98      
150.50    	111.12    	52.02     	52.15     	5.03      
151.00    	111.12    	51.99     	51.29     	5.03      
151.50    	111.13    	52.01     	50.38     	5.03      
152.00    	110.87    	51.98     	51.07     	5.03      
152.50    	110.60    	51.98     	51.88     	5.03      
153.00    	110.56    	52.03     	51.90     	5.03      
153.50    	110.53    	52.08     	51.88     	5.03      
154.00    	110.96    	52.19     	51.35     	4.99      
154.50    	111.40    	52.26     	50.90     	4.96      
155.00    	112.00    	52.30     	52.29     	4.84      
155.50    	112.52    	52.29     	53.53     	4.73      
156.00    	112.29    	52.11     	53.43     	4.73      
156.50    	112.24    	52.04     	53.23     	4.73      
157.00    	112.72    	52.13     	52.69     	4.73      
157.50    	113.04    	52.14     	52.29     	4.73      
158.00    	113.04    	52.06     	52.13     	4.72      
158.50    	112.88    	51.95     	51.70     	4.70      
159.00    	112.53    	51.83     	50.94     	4.68      
159.50    	112.11    	51.75     	50.75     	4.66      
160.00    	111.64    	51.68     	51.00     	4.66      
160.50    	111.52    	51.71     	50.87     	4.66      
161.00    	111.56    	51.76     	50.59     	4.66      
161.50    	111.44    	51.72     	51.06     	4.66      
162.00    	111.27    	51.66     	51.73     	4.66      
162.50    	110.92    	51.57     	51.35     	4.83      
163.00    	110.54    	51.51     	50.81     	5.02      
163.50    	110.39    	51.55     	51.04     	5.06      
164.00    	110.26    	51.59     	51.32     	5.08      
164.50    	110.22    	51.64     	51.55     	5.09      
165.00    	110.19    	51.68     	51.77     	5.09      
165.50    	110.14    	51.71     	51.72     	5.08      
166.00    	110.08    	51.74     	51.66     	5.08      
166.50    	109.72    	51.72     	51.50     	5.08      
167.00    	109.38    	51.73     	51.34     	5.07      
167.50    	109.15    	51.79     	51.22     	5.07      
168.00    	108.94    	51.85     	51.10     	5.07      
168.50    	109.59    	52.08     	51.18     	5.07      
169.00    	110.26    	52.22     	51.27     	5.07      
169.50    	111.09    	52.30     	51.67     	5.07      
170.00    	111.89    	52.31     	52.07     	5.07      
170.50    	112.21    	52.19     	52.46     	5.04      
171.00    	112.53    	52.11     	52.81     	5.01      
171.50    	112.77    	52.07     	52.67     	5.00      
172.00    	113.02    	52.06     	52.68     	4.99      
172.50    	113.49    	52.11     	54.13     	4.99      
173.00    	113.92    	52.12     	55.41     	4.99      
173.50    	114.05    	52.06     	55.44     	4.96      
174.00    	114.19    	52.00     	55.38     	4.92      
174.50    	114.36    	51.97     	54.84     	4.82      
175.00    	114.51    	51.95     	54.42     	4.73      
175.50    	114.57    	51.93     	54.54     	4.73      
176.00    	114.69    	51.92     	54.56     	4.73      
176.50    	114.96    	51.95     	54.34     	4.73      
177.00    	115.27    	51.97     	54.20     	4.73      
177.50    	115.66    	52.00     	54.18     	4.74      
178.00    	115.53    	51.89     	54.30     	4.75      
178.50    	114.86    	51.73     	54.57     	4.77      
179.00    	114.41    	51.71     	54.72     	4.78      
179.50    	114.09    	51.76     	54.80     	4.78      
180.00    	113.99    	51.87     	54.66     	4.78      
180.50    	113.97    	51.95     	54.45     	4.78      
181.00    	114.05    	52.01     	54.10     	4.78      
181.50    	114.15    	52.04     	53.73     	4.78      
182.00    	113.73    	51.94     	54.03     	4.85      
182.50    	113.29    	51.88     	54.31     	4.92      
183.00    	113.27    	51.96     	53.22     	4.96      
183.50    	113.21    	52.02     	52.34     	5.00      
184.00    	112.71    	51.97     	53.72     	4.98      
184.50    	112.23    	51.95     	54.98     	4.96      
185.00    	111.92    	51.98     	54.88     	4.95      
185.50    	111.68    	52.03     	54.85     	4.95      
186.00    	112.06    	52.20     	55.32     	4.95      
186.50    	112.35    	52.27     	55.80     	4.95      
187.00    	112.20    	52.20     	56.29     	4.95      
187.50    	111.92    	52.12     	56.79     	4.94      
188.00    	111.12    	51.99     	57.37     	4.93      
188.50    	110.41    	51.96     	57.74     	4.87      
189.00    	109.98    	52.05     	57.45     	4.67      
189.50    	109.32    	52.07     	57.20     	4.54      
190.00    	108.25    	52.01     	57.00     	4.54      
190.50    	107.22    	51.99     	56.03     	4.54      
191.00    	106.22    	52.00     	54.36     	4.54      
191.50    	105.68    	52.11     	53.84     	4.55      
192.00    	105.39    	52.24     	53.96     	4.56      
192.50    	105.21    	52.31     	53.85     	4.57      
193.00    	105.07    	52.33     	53.66     	4.58      
193.50    	105.15    	52.36     	52.81     	4.66      
194.00    	105.28    	52.37     	51.84     	4.75      
194.50    	105.36    	52.35     	51.38     	4.76      
195.00    	105.44    	52.32     	51.00     	4.76      
195.50    	105.85    	52.37     	50.28     	4.76      
196.00    	106.29    	52.41     	49.53     	4.76      
196.50    	106.79    	52.43     	49.62     	4.76      
197.00    	107.29    	52.42     	49.77     	4.76      
197.50    	108.02    	52.45     	50.60     	4.76      
198.00    	108.75    	52.46     	51.47     	4.77      
198.50    	108.89    	52.33     	51.39     	4.77      
199.00    	109.04    	52.25     	51.33     	4.77      
199.50    	109.39    	52.25     	51.47     	4.77      
200.00    	109.77    	52.28     	51.63     	4.77      
200.50    	110.36    	52.33     	51.86     	4.77      
201.00    	111.03    	52.36     	52.00     	4.77      
201.50    	111.91    	52.40     	51.86     	4.77      
202.00    	112.49    	52.33     	51.81     	4.76      
202.50    	112.51    	52.14     	51.90     	4.76      
203.00    	112.55    	52.04     	51.88     	4.74      
203.50    	112.60    	52.00     	51.71     	4.72      
204.00    	112.59    	51.98     	51.80     	4.71      
204.50    	112.52    	51.96     	52.16     	4.71      
205.00    	112.49    	51.96     	52.05     	4.71      
205.50    	112.49    	51.96     	51.56     	4.71      
206.00    	112.74    	52.01     	51.18     	4.73      
206.50    	113.16    	52.06     	50.87     	4.76      
207.00    	113.51    	52.07     	51.53     	4.95      
207.50    	113.82    	52.06     	52.62     	5.19      
208.00    	113.71    	51.96     	52.88     	5.26      
208.50    	113.43    	51.88     	52.82     	5.26      
209.00    	112.92    	51.82     	52.10     	5.26      
209.50    	112.34    	51.81     	51.15     	5.26      
210.00    	111.86    	51.87     	51.61     	5.26      
210.50    	111.41    	51.93     	52.55     	5.26      
211.00    	111.15    	52.01     	52.97     	5.26      
211.50    	110.94    	52.08     	53.23     	5.26      
212.00    	110.98    	52.16     	53.76     	5.25      
212.50    	111.09    	52.21     	54.36     	5.24      
213.00    	111.08    	52.20     	55.32     	5.22      
213.50    	111.04    	52.19     	56.37     	5.19      
214.00    	111.23    	52.23     	56.78     	5.18      
214.50    	111.47    	52.27     	57.05     	5.18      
215.00    	111.96    	52.34     	57.05     	5.18      
215.50    	112.48    	52.39     	57.00     	5.18      
216.00    	112.48    	52.30     	56.84     	5.10      
216.50    	112.43    	52.23     	56.68     	5.00      
217.00    	112.34    	52.19     	56.19     	4.94      
217.50    	112.25    	52.19     	55.67     	4.87      
218.00    	112.04    	52.18     	56.48     	4.87      
218.50    	111.83    	52.18     	57.37     	4.87      
219.00    	112.82    	52.42     	58.51     	4.87      
219.50    	113.73    	52.53     	59.49     	4.87      
220.00    	113.18    	52.26     	57.67     	4.86      
220.50    	112.64    	52.06     	56.18     	4.84      
221.00    	112.15    	51.98     	56.07     	4.81      
221.50    	111.75    	51.98     	55.79     	4.79      
222.00    	111.61    	52.06     	55.14     	4.79      
222.50    	111.40    	52.08     	54.64     	4.79      
223.00    	111.08    	52.04     	54.35     	4.79      
223.50    	108.32    	51.46     	53.71     	4.79      
224.00    	103.06    	50.60     	52.71     	4.79      
224.50    	101.62    	51.04     	52.89     	4.79      
225.00    	102.92    	52.07     	53.92     	4.79      
225.50    	103.81    	52.53     	53.84     	4.79      
226.00    	104.43    	52.52     	53.03     	4.79      
226.50    	105.55    	52.46     	52.54     	4.84      
227.00    	106.92    	52.39     	52.20     	4.91      
227.50    	108.26    	52.32     	52.23     	4.98      
228.00    	109.58    	52.28     	52.42     	5.05      
228.50    	110.27    	52.14     	51.69     	5.06      
229.00    	110.74    	52.03     	50.63     	5.06      
229.50    	111.63    	52.10     	50.78     	5.06      
230.00    	112.62    	52.19     	51.25     	5.06      
230.50    	113.09    	52.14     	51.61     	5.06      
231.00    	113.46    	52.08     	51.95     	5.06      
231.50    	113.65    	52.01     	52.11     	5.06      
232.00    	113.81    	51.98     	52.23     	5.06      
232.50    	113.72    	51.92     	52.31     	5.06      
233.00    	113.60    	51.89     	52.38     	5.06      
233.50    	113.54    	51.89     	52.20     	5.06      
234.00    	113.49    	51.90     	51.98     	5.06      
234.50    	113.36    	51.88     	51.97     	5.06      
235.00    	113.21    	51.86     	52.00     	5.06      
235.50    	112.84    	51.80     	51.84     	5.06      
236.00    	112.45    	51.75     	51.67     	5.06      
236.50    	112.41    	51.81     	52.79     	5.06      
237.00    	112.42    	51.86     	54.09     	5.06      
237.50    	112.30    	51.85     	54.44     	5.06      
238.00    	112.17    	51.84     	54.69     	5.06      
238.50    	112.86    	52.01     	55.26     	5.06      
239.00    	113.62    	52.12     	55.86     	5.06      
239.50    	114.18    	52.13     	56.98     	5.06      
240.00    	114.69    	52.12     	57.94     	5.06      
240.50    	114.87    	52.05     	57.46     	5.06      
241.00    	115.04    	52.03     	56.93     	5.06      
241.50    	115.12    	52.05     	56.24     	5.06      
242.00    	115.19    	52.09     	56.22     	5.06      
242.50    	115.24    	52.14     	57.76     	5.06      
243.00    	115.40    	52.21     	58.38     	5.06      
243.50    	115.72    	52.29     	57.76     	5.06      
244.00    	115.98    	52.33     	57.50     	5.06      
244.50    	116.18    	52.34     	57.53     	5.06      
245.00    	116.35    	52.33     	57.46     	5.04      
245.50    	116.50    	52.33     	57.32     	5.03      
246.00    	116.54    	52.30     	57.12     	5.02      
246.50    	116.53    	52.28     	56.89     	5.02      
247.00    	116.68    	52.30     	56.56     	5.02      
247.50    	116.88    	52.32     	56.20     	5.02      
248.00    	116.98    	52.30     	55.79     	5.01      
248.50    	117.06    	52.26     	55.36     	5.01      
249.00    	116.79    	52.16     	54.70     	4.95      
249.50    	116.47    	52.09     	54.03     	4.90      
250.00    	116.00    	52.02     	53.93     	4.89      
250.50    	115.52    	51.98     	53.88     	4.89      
251.00    	115.22    	52.00     	53.82     	4.89      
251.50    	114.93    	52.02     	53.76     	4.89      
252.00    	114.72    	52.03     	53.34     	4.89      
252.50    	114.48    	52.02     	52.99     	4.88      
253.00    	114.00    	51.96     	53.28     	4.86      
253.50    	113.55    	51.93     	53.58     	4.84      
254.00    	113.35    	51.96     	53.99     	4.84      
254.50    	113.13    	51.99     	54.23     	4.84      
255.00    	112.86    	52.00     	53.49     	4.80      
255.50    	112.57    	51.99     	52.93     	4.76      
256.00    	112.21    	51.98     	53.24     	4.76      
256.50    	112.00    	52.00     	53.58     	4.76      
257.00    	112.39    	52.14     	54.07     	4.76      
257.50    	112.78    	52.22     	54.47     	4.77      
258.00    	113.14    	52.23     	54.60     	4.78      
258.50    	113.39    	52.18     	54.69     	4.82      
259.00    	113.33    	52.08     	54.68     	4.94      
259.50    	113.31    	52.03     	54.76     	5.03      
260.00    	113.43    	52.04     	55.09     	5.03      
260.50    	113.47    	52.03     	55.54     	5.03      
261.00    	113.36    	51.99     	56.22     	5.03      
261.50    	113.51    	52.02     	56.70     	5.03      
262.00    	113.97    	52.09     	56.98     	5.03      
262.50    	114.23    	52.07     	57.14     	4.99      
263.00    	114.33    	52.00     	57.21     	4.92      
263.50    	114.28    	51.92     	56.72     	4.88      
264.00    	114.15    	51.86     	55.98     	4.85      
264.50    	113.89    	51.82     	55.56     	4.84      
265.00    	113.59    	51.80     	55.22     	4.84      
265.50    	113.69    	51.88     	55.41     	4.84      
266.00    	113.83    	51.94     	55.65     	4.84      
266.50    	114.25    	52.02     	55.80     	4.84      
267.00    	114.66    	52.05     	55.91     	4.85      
267.50    	114.79    	51.99     	55.17     	4.86      
268.00    	114.90    	51.95     	54.49     	4.88      
268.50    	114.80    	51.89     	54.26     	4.94      
269.00    	114.70    	51.88     	54.10     	4.99      
269.50    	114.57    	51.89     	54.39     	4.99      
270.00    	114.39    	51.91     	54.52     	4.99      
270.50    	114.00    	51.90     	53.92     	4.99      
271.00    	113.61    	51.91     	53.53     	4.99      
271.50    	113.22    	51.94     	53.83     	4.99      
272.00    	112.98    	52.02     	54.08     	4.99      
272.50    	113.18    	52.17     	54.17     	4.99      
273.00    	113.31    	52.25     	54.32     	4.99      
273.50    	113.27    	52.26     	54.61     	4.99      
274.00    	112.96    	52.21     	54.77     	4.99      
274.50    	112.12    	52.10     	54.66     	4.99      
275.00    	111.60    	52.15     	54.85     	4.99      
275.50    	111.65    	52.33     	55.57     	4.99      
276.00    	112.03    	52.54     	56.37     	4.99      
276.50    	112.91    	52.74     	57.30     	4.99      
277.00    	113.55    	52.76     	58.06     	4.99      
277.50    	113.89    	52.66     	58.63     	4.99      
278.00    	113.96    	52.52     	58.80     	5.00      
278.50    	113.80    	52.39     	58.65     	5.01      
279.00    	113.67    	52.33     	58.79     	5.02      
279.50    	113.56    	52.31     	59.08     	5.02      
280.00    	113.45    	52.29     	59.28     	5.02      
280.50    	113.33    	52.25     	59.45     	5.02      
281.00    	113.22    	52.19     	59.09     	5.02      
281.50    	113.11    	52.12     	58.64     	5.02      
282.00    	112.72    	51.98     	58.51     	5.02      
282.50    	112.26    	51.86     	58.33     	5.02      
283.00    	110.47    	51.50     	56.83     	5.04      
283.50    	108.71    	51.30     	55.35     	5.06      
284.00    	107.53    	51.33     	54.37     	5.07      
284.50    	106.35    	51.38     	53.40     	5.08      
285.00    	105.30    	51.44     	52.61     	5.08      
285.50    	104.26    	51.45     	51.85     	5.08      
286.00    	103.58    	51.51     	51.78     	5.08      
286.50    	103.02    	51.56     	51.98     	5.08      
287.00    	102.58    	51.60     	51.63     	5.08      
287.50    	102.20    	51.62     	51.00     	5.09      
288.00    	101.67    	51.60     	50.35     	5.09      
288.50    	101.02    	51.57     	49.69     	5.09      
289.00    	100.45    	51.58     	49.56     	5.09      
289.50    	99.96     	51.63     	49.98     	5.09      
290.00    	99.67     	51.72     	50.40     	5.09      
290.50    	99.64     	51.83     	50.85     	5.09      
291.00    	99.81     	51.94     	51.12     	5.09      
291.50    	100.32    	52.05     	51.13     	5.09      
292.00    	100.75    	52.07     	51.38     	5.09      
292.50    	101.06    	52.03     	52.01     	5.06      
293.00    	101.16    	51.94     	52.30     	5.02      
293.50    	100.93    	51.83     	52.08     	4.95      
294.00    	100.39    	51.73     	51.44     	4.90      
294.50    	99.38     	51.61     	50.10     	4.90      
295.00    	99.05     	51.76     	49.30     	4.90      
295.50    	99.99     	52.20     	49.52     	4.90      
296.00    	100.86    	52.45     	49.81     	4.90      
296.50    	101.10    	52.41     	50.64     	4.91      
297.00    	101.32    	52.36     	51.44     	4.92      
297.50    	101.17    	52.29     	50.80     	4.93      
298.00    	101.01    	52.33     	50.17     	4.94      
298.50    	100.61    	52.39     	48.97     	4.94      
299.00    	100.21    	52.51     	47.75     	4.94      
299.50    	99.94     	52.69     	47.11     	4.94      
300.00    	99.67     	52.87     	46.50     	4.94      
