Time      	MABP      	CBFV-L    	CBFV-R    	etCO2     
0.00      	94.68     	37.17     	32.39     	4.99      
0.50      	94.14     	37.05     	32.20     	4.98      
1.00      	93.45     	36.88     	31.90     	4.98      
1.50      	93.50     	36.85     	31.84     	4.98      
2.00      	94.01     	36.91     	31.66     	4.98      
2.50      	94.79     	37.01     	31.51     	4.99      
3.00      	95.73     	37.14     	31.85     	4.99      
3.50      	96.82     	37.28     	32.79     	4.99      
4.00      	96.75     	37.18     	33.45     	5.00      
4.50      	96.12     	36.96     	33.63     	5.01      
5.00      	95.21     	36.69     	33.00     	5.01      
5.50      	95.17     	36.59     	32.17     	5.02      
6.00      	95.21     	36.52     	31.44     	5.02      
6.50      	95.16     	36.43     	31.18     	5.02      
7.00      	95.19     	36.35     	31.38     	5.02      
7.50      	94.75     	36.18     	31.56     	5.02      
8.00      	93.87     	35.93     	31.69     	5.02      
8.50      	92.88     	35.66     	31.47     	5.02      
9.00      	92.61     	35.54     	31.14     	5.01      
9.50      	92.58     	35.47     	30.54     	5.01      
10.00     	92.72     	35.43     	30.39     	5.00      
10.50     	93.03     	35.42     	31.17     	5.00      
11.00     	93.57     	35.45     	32.27     	4.99      
11.50     	93.26     	35.30     	32.58     	4.99      
12.00     	92.80     	35.12     	32.28     	4.99      
12.50     	92.79     	35.03     	32.01     	4.99      
13.00     	93.65     	35.11     	32.02     	4.99      
13.50     	95.06     	35.29     	32.15     	4.99      
14.00     	96.78     	35.53     	32.65     	5.00      
14.50     	98.49     	35.74     	33.77     	5.01      
15.00     	99.27     	35.76     	34.36     	5.02      
15.50     	99.91     	35.76     	34.08     	5.04      
16.00     	100.57    	35.76     	33.25     	5.05      
16.50     	101.56    	35.84     	32.80     	5.06      
17.00     	101.95    	35.82     	32.73     	5.08      
17.50     	101.66    	35.70     	33.06     	5.08      
18.00     	101.09    	35.55     	33.76     	5.09      
18.50     	100.12    	35.36     	33.82     	5.08      
19.00     	100.08    	35.38     	33.43     	5.07      
19.50     	101.32    	35.65     	33.25     	5.06      
20.00     	102.26    	35.89     	33.50     	5.04      
20.50     	101.49    	35.81     	33.65     	5.01      
21.00     	99.78     	35.57     	33.52     	4.98      
21.50     	97.42     	35.23     	32.99     	4.95      
22.00     	94.78     	34.86     	32.30     	4.92      
22.50     	92.58     	34.61     	31.95     	4.89      
23.00     	91.60     	34.60     	32.01     	4.86      
23.50     	91.85     	34.82     	32.50     	4.84      
24.00     	92.20     	35.06     	33.10     	4.81      
24.50     	92.21     	35.23     	33.58     	4.79      
25.00     	91.91     	35.31     	33.76     	4.77      
25.50     	92.22     	35.49     	34.21     	4.76      
26.00     	92.47     	35.64     	34.57     	4.75      
26.50     	92.34     	35.69     	34.29     	4.74      
27.00     	92.87     	35.85     	33.83     	4.74      
27.50     	95.19     	36.34     	34.25     	4.73      
28.00     	97.98     	36.88     	35.37     	4.73      
28.50     	99.21     	37.07     	35.88     	4.72      
29.00     	99.49     	37.06     	35.64     	4.72      
29.50     	99.14     	36.90     	34.91     	4.72      
30.00     	98.72     	36.74     	34.16     	4.72      
30.50     	98.42     	36.61     	33.17     	4.72      
31.00     	98.35     	36.54     	31.74     	4.72      
31.50     	98.81     	36.58     	30.71     	4.72      
32.00     	99.61     	36.69     	30.37     	4.71      
32.50     	100.19    	36.77     	30.23     	4.71      
33.00     	99.87     	36.67     	29.86     	4.71      
33.50     	99.47     	36.56     	29.74     	4.71      
34.00     	98.85     	36.41     	29.78     	4.71      
34.50     	97.79     	36.19     	29.56     	4.71      
35.00     	97.04     	36.03     	29.30     	4.71      
35.50     	97.45     	36.10     	29.46     	4.71      
36.00     	98.13     	36.20     	29.90     	4.72      
36.50     	97.69     	36.09     	30.11     	4.73      
37.00     	96.96     	35.92     	30.12     	4.74      
37.50     	95.94     	35.69     	29.65     	4.75      
38.00     	95.19     	35.52     	29.04     	4.76      
38.50     	94.31     	35.33     	28.52     	4.77      
39.00     	93.06     	35.08     	28.21     	4.78      
39.50     	92.01     	34.89     	28.13     	4.79      
40.00     	92.31     	34.96     	28.41     	4.80      
40.50     	93.13     	35.14     	29.07     	4.80      
41.00     	92.85     	35.11     	29.50     	4.80      
41.50     	92.39     	35.05     	29.71     	4.80      
42.00     	91.65     	34.94     	29.55     	4.79      
42.50     	90.81     	34.82     	29.31     	4.79      
43.00     	89.91     	34.70     	28.80     	4.78      
43.50     	90.56     	34.89     	28.61     	4.78      
44.00     	92.12     	35.26     	29.02     	4.78      
44.50     	93.18     	35.51     	29.85     	4.79      
45.00     	93.68     	35.63     	30.75     	4.81      
45.50     	93.67     	35.63     	31.03     	4.83      
46.00     	93.15     	35.52     	30.80     	4.86      
46.50     	92.45     	35.37     	30.47     	4.88      
47.00     	92.54     	35.38     	30.52     	4.91      
47.50     	92.58     	35.38     	30.40     	4.93      
48.00     	92.67     	35.38     	30.25     	4.94      
48.50     	93.34     	35.51     	30.60     	4.94      
49.00     	94.48     	35.72     	31.36     	4.94      
49.50     	94.51     	35.71     	31.67     	4.92      
50.00     	93.91     	35.59     	31.36     	4.90      
50.50     	93.64     	35.56     	30.60     	4.87      
51.00     	94.56     	35.77     	30.02     	4.84      
51.50     	95.83     	36.06     	30.18     	4.80      
52.00     	96.38     	36.22     	30.77     	4.77      
52.50     	96.68     	36.34     	31.31     	4.75      
53.00     	96.81     	36.44     	31.34     	4.72      
53.50     	97.28     	36.61     	31.26     	4.71      
54.00     	97.25     	36.71     	30.59     	4.69      
54.50     	97.60     	36.87     	29.91     	4.69      
55.00     	98.60     	37.17     	30.06     	4.69      
55.50     	99.62     	37.46     	30.89     	4.70      
56.00     	99.38     	37.50     	31.30     	4.71      
56.50     	98.50     	37.41     	31.13     	4.73      
57.00     	97.54     	37.30     	30.93     	4.76      
57.50     	96.75     	37.22     	30.90     	4.78      
58.00     	96.28     	37.21     	31.03     	4.81      
58.50     	96.54     	37.32     	31.24     	4.83      
59.00     	96.92     	37.44     	31.63     	4.86      
59.50     	96.26     	37.36     	31.78     	4.87      
60.00     	95.74     	37.28     	31.87     	4.88      
60.50     	95.12     	37.18     	31.81     	4.89      
61.00     	94.46     	37.07     	31.67     	4.89      
61.50     	93.46     	36.88     	30.98     	4.89      
62.00     	93.62     	36.92     	30.74     	4.88      
62.50     	94.63     	37.11     	31.40     	4.87      
63.00     	94.95     	37.16     	32.02     	4.86      
63.50     	94.06     	36.96     	32.06     	4.84      
64.00     	92.80     	36.70     	31.81     	4.83      
64.50     	91.95     	36.51     	31.64     	4.81      
65.00     	91.52     	36.41     	31.23     	4.79      
65.50     	91.15     	36.33     	30.66     	4.78      
66.00     	91.08     	36.31     	30.53     	4.77      
66.50     	91.86     	36.46     	31.27     	4.76      
67.00     	92.04     	36.48     	31.84     	4.76      
67.50     	91.53     	36.37     	31.87     	4.76      
68.00     	90.74     	36.19     	31.30     	4.76      
68.50     	91.35     	36.30     	30.92     	4.76      
69.00     	92.71     	36.55     	30.97     	4.75      
69.50     	93.52     	36.68     	31.48     	4.74      
70.00     	93.45     	36.63     	32.10     	4.72      
70.50     	92.97     	36.49     	32.16     	4.70      
71.00     	92.42     	36.34     	31.68     	4.67      
71.50     	91.72     	36.17     	30.70     	4.63      
72.00     	91.34     	36.08     	29.78     	4.60      
72.50     	91.69     	36.13     	29.59     	4.57      
73.00     	92.41     	36.25     	30.12     	4.55      
73.50     	91.95     	36.14     	30.41     	4.54      
74.00     	91.01     	35.94     	30.63     	4.54      
74.50     	90.16     	35.75     	30.66     	4.54      
75.00     	90.45     	35.80     	30.40     	4.55      
75.50     	91.08     	35.92     	30.01     	4.57      
76.00     	91.53     	35.99     	30.19     	4.58      
76.50     	91.97     	36.04     	31.03     	4.61      
77.00     	91.98     	36.01     	31.50     	4.63      
77.50     	91.55     	35.87     	31.33     	4.65      
78.00     	90.98     	35.71     	30.54     	4.67      
78.50     	91.63     	35.80     	30.09     	4.69      
79.00     	93.12     	36.04     	30.35     	4.71      
79.50     	94.22     	36.19     	30.89     	4.73      
80.00     	94.41     	36.14     	31.26     	4.75      
80.50     	94.69     	36.11     	31.47     	4.78      
81.00     	94.60     	35.99     	31.23     	4.80      
81.50     	94.05     	35.79     	30.63     	4.82      
82.00     	93.98     	35.70     	29.99     	4.84      
82.50     	95.28     	35.88     	29.66     	4.85      
83.00     	96.62     	36.06     	29.91     	4.87      
83.50     	96.24     	35.91     	30.44     	4.88      
84.00     	95.07     	35.61     	30.85     	4.90      
84.50     	93.57     	35.27     	30.57     	4.91      
85.00     	92.57     	35.05     	30.26     	4.92      
85.50     	91.39     	34.83     	30.02     	4.93      
86.00     	90.10     	34.61     	29.67     	4.94      
86.50     	88.75     	34.41     	28.93     	4.95      
87.00     	88.54     	34.46     	28.53     	4.95      
87.50     	88.96     	34.64     	29.07     	4.97      
88.00     	88.33     	34.62     	29.83     	4.98      
88.50     	86.83     	34.44     	30.20     	4.99      
89.00     	84.99     	34.19     	29.98     	5.00      
89.50     	83.44     	34.02     	29.62     	5.02      
90.00     	81.92     	33.86     	28.77     	5.03      
90.50     	81.52     	33.94     	28.34     	5.04      
91.00     	82.27     	34.25     	29.05     	5.04      
91.50     	83.32     	34.61     	30.55     	5.04      
92.00     	83.50     	34.76     	31.68     	5.04      
92.50     	83.62     	34.88     	32.23     	5.03      
93.00     	83.56     	34.93     	32.17     	5.02      
93.50     	83.59     	34.99     	31.88     	5.01      
94.00     	83.94     	35.09     	31.83     	5.00      
94.50     	85.47     	35.43     	32.38     	5.00      
95.00     	87.78     	35.90     	33.09     	4.99      
95.50     	89.94     	36.30     	33.77     	4.99      
96.00     	91.89     	36.62     	34.70     	4.99      
96.50     	93.50     	36.83     	35.27     	5.00      
97.00     	95.73     	37.14     	35.64     	5.02      
97.50     	96.89     	37.19     	35.02     	5.03      
98.00     	95.87     	36.80     	33.28     	5.05      
98.50     	95.10     	36.48     	31.88     	5.07      
99.00     	97.19     	36.75     	31.99     	5.09      
99.50     	99.33     	37.03     	32.43     	5.11      
100.00    	99.49     	36.92     	32.45     	5.13      
100.50    	98.97     	36.69     	32.51     	5.14      
101.00    	98.47     	36.49     	32.60     	5.16      
101.50    	97.63     	36.24     	32.38     	5.17      
102.00    	96.09     	35.90     	31.42     	5.17      
102.50    	95.35     	35.74     	30.69     	5.18      
103.00    	95.34     	35.76     	30.40     	5.18      
103.50    	95.36     	35.79     	30.36     	5.17      
104.00    	94.58     	35.69     	30.46     	5.16      
104.50    	93.34     	35.53     	30.74     	5.14      
105.00    	91.69     	35.30     	30.81     	5.13      
105.50    	90.02     	35.10     	30.46     	5.10      
106.00    	88.35     	34.92     	29.98     	5.08      
106.50    	86.67     	34.77     	29.43     	5.06      
107.00    	85.79     	34.78     	29.28     	5.05      
107.50    	85.65     	34.96     	29.53     	5.04      
108.00    	85.70     	35.18     	30.20     	5.03      
108.50    	85.42     	35.34     	30.90     	5.03      
109.00    	85.23     	35.50     	31.22     	5.05      
109.50    	84.33     	35.51     	30.85     	5.06      
110.00    	83.23     	35.48     	30.61     	5.08      
110.50    	82.40     	35.50     	30.77     	5.11      
111.00    	82.41     	35.69     	30.72     	5.14      
111.50    	82.60     	35.91     	30.23     	5.16      
112.00    	83.13     	36.19     	30.60     	5.18      
112.50    	84.25     	36.56     	32.21     	5.20      
113.00    	84.98     	36.83     	33.31     	5.22      
113.50    	85.30     	36.97     	33.51     	5.23      
114.00    	85.37     	37.03     	33.21     	5.23      
114.50    	85.87     	37.16     	32.92     	5.24      
115.00    	86.45     	37.27     	32.32     	5.24      
115.50    	87.61     	37.47     	32.30     	5.23      
116.00    	89.05     	37.69     	33.19     	5.23      
116.50    	89.90     	37.75     	33.82     	5.22      
117.00    	89.88     	37.59     	33.60     	5.21      
117.50    	89.45     	37.33     	32.96     	5.20      
118.00    	89.03     	37.05     	32.50     	5.19      
118.50    	88.60     	36.78     	32.11     	5.18      
119.00    	88.59     	36.59     	31.73     	5.16      
119.50    	88.61     	36.41     	31.03     	5.15      
120.00    	88.94     	36.29     	30.61     	5.13      
120.50    	89.36     	36.20     	30.84     	5.11      
121.00    	89.61     	36.07     	31.41     	5.09      
121.50    	89.01     	35.78     	31.50     	5.07      
122.00    	88.24     	35.47     	31.16     	5.05      
122.50    	87.66     	35.23     	30.83     	5.03      
123.00    	87.43     	35.08     	30.62     	5.01      
123.50    	87.17     	34.97     	30.38     	5.00      
124.00    	86.59     	34.82     	30.13     	5.00      
124.50    	86.57     	34.82     	30.28     	5.00      
125.00    	87.58     	35.05     	30.89     	5.00      
125.50    	88.66     	35.32     	31.67     	5.02      
126.00    	88.49     	35.35     	32.05     	5.05      
126.50    	88.05     	35.34     	32.31     	5.08      
127.00    	87.26     	35.28     	32.05     	5.12      
127.50    	86.69     	35.28     	31.75     	5.16      
128.00    	86.04     	35.28     	31.67     	5.20      
128.50    	85.51     	35.31     	31.69     	5.24      
129.00    	84.93     	35.34     	31.43     	5.27      
129.50    	85.05     	35.50     	31.44     	5.30      
130.00    	85.63     	35.74     	32.03     	5.32      
130.50    	85.63     	35.84     	32.44     	5.33      
131.00    	85.28     	35.83     	32.61     	5.34      
131.50    	84.68     	35.75     	32.51     	5.33      
132.00    	84.18     	35.66     	32.52     	5.33      
132.50    	83.69     	35.55     	32.67     	5.31      
133.00    	84.23     	35.63     	33.10     	5.30      
133.50    	85.48     	35.84     	32.98     	5.29      
134.00    	87.31     	36.14     	32.93     	5.28      
134.50    	89.06     	36.37     	33.70     	5.27      
135.00    	90.45     	36.50     	34.77     	5.27      
135.50    	91.08     	36.43     	35.04     	5.27      
136.00    	91.58     	36.33     	34.69     	5.27      
136.50    	91.83     	36.16     	34.37     	5.27      
137.00    	92.00     	35.99     	34.25     	5.27      
137.50    	92.58     	35.92     	34.14     	5.26      
138.00    	94.04     	36.05     	34.20     	5.26      
138.50    	95.31     	36.15     	34.64     	5.25      
139.00    	95.14     	35.97     	35.04     	5.24      
139.50    	94.75     	35.78     	35.33     	5.22      
140.00    	94.20     	35.60     	34.90     	5.20      
140.50    	93.70     	35.46     	34.17     	5.18      
141.00    	92.88     	35.30     	33.56     	5.16      
141.50    	92.97     	35.35     	33.53     	5.14      
142.00    	93.49     	35.51     	33.48     	5.12      
142.50    	93.71     	35.62     	33.27     	5.10      
143.00    	93.42     	35.65     	33.32     	5.09      
143.50    	92.89     	35.64     	33.56     	5.08      
144.00    	92.61     	35.68     	33.85     	5.08      
144.50    	92.13     	35.69     	33.93     	5.08      
145.00    	91.11     	35.61     	33.69     	5.08      
145.50    	89.43     	35.40     	32.59     	5.09      
146.00    	88.95     	35.44     	31.83     	5.09      
146.50    	89.92     	35.76     	32.33     	5.10      
147.00    	91.00     	36.09     	33.46     	5.11      
147.50    	90.98     	36.19     	34.23     	5.12      
148.00    	90.67     	36.21     	34.62     	5.13      
148.50    	90.16     	36.18     	34.30     	5.13      
149.00    	89.57     	36.12     	33.25     	5.14      
149.50    	89.60     	36.18     	32.26     	5.15      
150.00    	90.93     	36.48     	31.97     	5.15      
150.50    	92.83     	36.87     	32.37     	5.15      
151.00    	93.76     	37.04     	32.73     	5.15      
151.50    	93.89     	37.01     	32.67     	5.14      
152.00    	93.27     	36.81     	32.17     	5.14      
152.50    	92.80     	36.63     	31.91     	5.13      
153.00    	92.37     	36.45     	31.71     	5.12      
153.50    	92.25     	36.32     	31.26     	5.11      
154.00    	92.04     	36.17     	30.57     	5.10      
154.50    	91.81     	36.01     	30.28     	5.09      
155.00    	91.77     	35.88     	30.78     	5.09      
155.50    	91.24     	35.64     	31.46     	5.09      
156.00    	90.55     	35.37     	31.81     	5.09      
156.50    	89.45     	35.02     	31.33     	5.09      
157.00    	88.29     	34.66     	30.57     	5.09      
157.50    	87.10     	34.32     	29.63     	5.10      
158.00    	87.17     	34.24     	29.21     	5.10      
158.50    	88.02     	34.32     	29.64     	5.10      
159.00    	88.45     	34.34     	30.51     	5.10      
159.50    	88.13     	34.22     	31.11     	5.10      
160.00    	87.46     	34.04     	31.04     	5.10      
160.50    	86.92     	33.92     	30.80     	5.10      
161.00    	86.54     	33.86     	30.67     	5.10      
161.50    	86.51     	33.90     	30.85     	5.09      
162.00    	86.31     	33.94     	30.70     	5.09      
162.50    	86.57     	34.09     	30.30     	5.09      
163.00    	87.37     	34.37     	30.36     	5.08      
163.50    	88.04     	34.62     	31.24     	5.08      
164.00    	87.66     	34.66     	32.07     	5.08      
164.50    	87.08     	34.66     	32.24     	5.08      
165.00    	86.43     	34.65     	31.65     	5.08      
165.50    	85.96     	34.67     	30.87     	5.09      
166.00    	85.42     	34.67     	30.36     	5.09      
166.50    	84.79     	34.64     	29.90     	5.09      
167.00    	84.64     	34.70     	29.61     	5.10      
167.50    	85.58     	34.96     	29.86     	5.11      
168.00    	86.71     	35.23     	30.63     	5.11      
168.50    	86.71     	35.23     	31.21     	5.12      
169.00    	86.49     	35.14     	31.58     	5.13      
169.50    	86.08     	35.00     	31.45     	5.14      
170.00    	85.98     	34.90     	31.31     	5.14      
170.50    	85.71     	34.75     	31.09     	5.15      
171.00    	85.48     	34.61     	30.87     	5.16      
171.50    	85.17     	34.45     	30.51     	5.17      
172.00    	86.02     	34.53     	30.54     	5.17      
172.50    	87.44     	34.74     	30.92     	5.17      
173.00    	88.44     	34.85     	31.70     	5.18      
173.50    	88.95     	34.86     	32.68     	5.18      
174.00    	89.14     	34.82     	33.08     	5.17      
174.50    	89.05     	34.74     	32.89     	5.17      
175.00    	88.85     	34.66     	32.50     	5.17      
175.50    	88.97     	34.68     	32.26     	5.18      
176.00    	88.73     	34.65     	31.75     	5.18      
176.50    	88.56     	34.67     	31.36     	5.19      
177.00    	88.86     	34.82     	31.52     	5.21      
177.50    	89.40     	35.03     	32.26     	5.23      
178.00    	89.30     	35.14     	33.03     	5.25      
178.50    	89.03     	35.21     	33.32     	5.28      
179.00    	88.75     	35.29     	33.10     	5.31      
179.50    	88.42     	35.37     	32.60     	5.34      
180.00    	88.37     	35.50     	32.18     	5.37      
180.50    	89.26     	35.80     	32.30     	5.39      
181.00    	90.59     	36.16     	33.01     	5.41      
181.50    	90.84     	36.27     	33.41     	5.42      
182.00    	90.40     	36.20     	33.31     	5.42      
182.50    	89.35     	35.98     	32.75     	5.41      
183.00    	88.55     	35.79     	32.64     	5.41      
183.50    	87.82     	35.60     	32.73     	5.39      
184.00    	87.29     	35.43     	32.52     	5.38      
184.50    	86.77     	35.25     	32.05     	5.37      
185.00    	86.96     	35.20     	32.04     	5.36      
185.50    	87.53     	35.22     	32.53     	5.35      
186.00    	87.68     	35.14     	33.09     	5.35      
186.50    	87.66     	35.03     	33.81     	5.35      
187.00    	87.21     	34.83     	34.03     	5.35      
187.50    	86.71     	34.63     	33.88     	5.37      
188.00    	86.21     	34.46     	33.62     	5.38      
188.50    	86.42     	34.47     	33.74     	5.39      
189.00    	86.90     	34.55     	33.61     	5.40      
189.50    	87.85     	34.76     	33.52     	5.42      
190.00    	88.87     	35.00     	34.00     	5.43      
190.50    	89.34     	35.15     	34.93     	5.43      
191.00    	88.96     	35.14     	35.44     	5.44      
191.50    	88.33     	35.10     	35.05     	5.44      
192.00    	87.96     	35.13     	34.48     	5.43      
192.50    	87.89     	35.25     	34.14     	5.42      
193.00    	88.61     	35.54     	33.85     	5.41      
193.50    	89.56     	35.88     	33.27     	5.39      
194.00    	90.20     	36.13     	33.26     	5.36      
194.50    	90.55     	36.31     	34.23     	5.33      
195.00    	91.70     	36.62     	35.59     	5.29      
195.50    	93.04     	36.94     	35.97     	5.26      
196.00    	94.35     	37.21     	35.41     	5.22      
196.50    	95.31     	37.36     	34.60     	5.18      
197.00    	96.49     	37.52     	34.43     	5.15      
197.50    	97.57     	37.61     	34.82     	5.13      
198.00    	97.53     	37.45     	34.70     	5.13      
198.50    	97.01     	37.17     	34.36     	5.13      
199.00    	95.98     	36.79     	34.13     	5.14      
199.50    	94.76     	36.38     	33.88     	5.16      
200.00    	93.14     	35.91     	32.73     	5.18      
200.50    	92.59     	35.66     	31.70     	5.20      
201.00    	92.89     	35.60     	31.83     	5.22      
201.50    	93.01     	35.51     	32.75     	5.22      
202.00    	92.39     	35.28     	33.36     	5.22      
202.50    	91.64     	35.04     	33.19     	5.21      
203.00    	90.55     	34.74     	32.55     	5.19      
203.50    	89.05     	34.39     	31.82     	5.17      
204.00    	88.47     	34.23     	31.56     	5.16      
204.50    	89.32     	34.37     	31.88     	5.14      
205.00    	90.29     	34.54     	32.43     	5.12      
205.50    	90.04     	34.46     	32.80     	5.11      
206.00    	89.49     	34.33     	33.16     	5.11      
206.50    	88.43     	34.11     	33.06     	5.11      
207.00    	87.02     	33.83     	32.47     	5.11      
207.50    	85.69     	33.59     	31.71     	5.11      
208.00    	86.04     	33.72     	31.64     	5.11      
208.50    	87.36     	34.05     	32.17     	5.11      
209.00    	87.79     	34.21     	32.69     	5.11      
209.50    	87.57     	34.24     	33.31     	5.11      
210.00    	86.87     	34.17     	33.55     	5.10      
210.50    	86.07     	34.10     	33.31     	5.09      
211.00    	85.28     	34.04     	32.65     	5.08      
211.50    	85.90     	34.29     	32.37     	5.08      
212.00    	87.37     	34.70     	32.35     	5.07      
212.50    	88.49     	35.02     	32.51     	5.06      
213.00    	88.90     	35.18     	32.76     	5.06      
213.50    	89.13     	35.27     	32.82     	5.06      
214.00    	88.93     	35.26     	32.28     	5.06      
214.50    	88.48     	35.18     	31.19     	5.06      
215.00    	88.93     	35.27     	30.37     	5.07      
215.50    	90.55     	35.58     	30.34     	5.07      
216.00    	92.04     	35.84     	30.63     	5.07      
216.50    	92.16     	35.78     	30.67     	5.08      
217.00    	91.88     	35.63     	30.83     	5.08      
217.50    	91.20     	35.38     	30.71     	5.08      
218.00    	90.36     	35.12     	29.93     	5.08      
218.50    	89.59     	34.88     	28.79     	5.08      
219.00    	89.72     	34.85     	28.43     	5.09      
219.50    	90.15     	34.89     	29.00     	5.09      
220.00    	89.56     	34.74     	29.32     	5.09      
220.50    	88.45     	34.52     	29.17     	5.10      
221.00    	86.90     	34.24     	28.53     	5.11      
221.50    	85.60     	34.05     	27.83     	5.12      
222.00    	84.48     	33.93     	27.10     	5.13      
222.50    	84.55     	34.09     	27.09     	5.14      
223.00    	85.36     	34.43     	27.79     	5.15      
223.50    	86.08     	34.75     	28.70     	5.16      
224.00    	86.52     	35.03     	29.63     	5.17      
224.50    	87.34     	35.37     	30.60     	5.17      
225.00    	88.26     	35.73     	31.26     	5.18      
225.50    	89.17     	36.08     	31.25     	5.18      
226.00    	90.64     	36.51     	30.99     	5.19      
226.50    	92.80     	37.07     	31.14     	5.18      
227.00    	94.74     	37.54     	31.99     	5.18      
227.50    	95.38     	37.70     	32.80     	5.17      
228.00    	95.68     	37.78     	33.18     	5.16      
228.50    	95.64     	37.77     	32.90     	5.15      
229.00    	95.68     	37.77     	32.42     	5.13      
229.50    	95.80     	37.78     	32.07     	5.12      
230.00    	95.94     	37.79     	31.83     	5.11      
230.50    	96.34     	37.85     	31.68     	5.10      
231.00    	97.32     	38.01     	31.48     	5.10      
231.50    	98.15     	38.12     	31.29     	5.11      
232.00    	97.69     	37.96     	31.01     	5.12      
232.50    	96.97     	37.75     	31.01     	5.14      
233.00    	96.01     	37.48     	31.05     	5.17      
233.50    	95.07     	37.23     	30.87     	5.19      
234.00    	93.92     	36.94     	30.27     	5.22      
234.50    	93.67     	36.83     	29.91     	5.25      
235.00    	93.80     	36.79     	29.99     	5.27      
235.50    	93.35     	36.65     	30.32     	5.29      
236.00    	92.45     	36.42     	30.75     	5.30      
236.50    	91.12     	36.12     	30.63     	5.31      
237.00    	90.07     	35.88     	30.25     	5.31      
237.50    	89.29     	35.71     	30.12     	5.31      
238.00    	89.19     	35.69     	30.48     	5.30      
238.50    	89.10     	35.69     	30.54     	5.29      
239.00    	89.70     	35.82     	30.50     	5.28      
239.50    	90.45     	35.99     	30.70     	5.27      
240.00    	90.35     	35.98     	31.03     	5.26      
240.50    	89.52     	35.83     	31.23     	5.25      
241.00    	88.71     	35.69     	31.14     	5.25      
241.50    	87.81     	35.55     	30.96     	5.24      
242.00    	86.87     	35.40     	30.79     	5.24      
242.50    	86.42     	35.37     	30.52     	5.24      
243.00    	86.07     	35.36     	29.94     	5.24      
243.50    	85.98     	35.41     	29.98     	5.24      
244.00    	86.22     	35.52     	30.97     	5.25      
244.50    	86.65     	35.66     	32.12     	5.26      
245.00    	86.23     	35.62     	32.42     	5.27      
245.50    	85.59     	35.52     	32.13     	5.28      
246.00    	84.83     	35.40     	31.54     	5.29      
246.50    	84.31     	35.33     	31.12     	5.30      
247.00    	84.12     	35.34     	31.05     	5.31      
247.50    	84.72     	35.50     	31.48     	5.32      
248.00    	85.55     	35.71     	32.15     	5.32      
248.50    	85.96     	35.83     	32.57     	5.33      
249.00    	86.45     	35.95     	33.29     	5.32      
249.50    	86.57     	35.98     	33.92     	5.32      
250.00    	86.59     	35.99     	34.15     	5.32      
250.50    	86.23     	35.93     	33.76     	5.31      
251.00    	85.94     	35.88     	33.42     	5.31      
251.50    	85.79     	35.87     	33.13     	5.31      
252.00    	86.80     	36.12     	33.17     	5.31      
252.50    	88.13     	36.42     	33.70     	5.32      
253.00    	88.99     	36.62     	34.55     	5.33      
253.50    	89.83     	36.80     	35.23     	5.34      
254.00    	91.12     	37.06     	35.19     	5.36      
254.50    	92.61     	37.35     	34.96     	5.38      
255.00    	93.94     	37.58     	35.18     	5.40      
255.50    	95.51     	37.84     	35.57     	5.43      
256.00    	96.62     	37.98     	35.04     	5.45      
256.50    	97.47     	38.05     	34.32     	5.46      
257.00    	98.10     	38.07     	34.17     	5.47      
257.50    	98.49     	38.04     	34.65     	5.48      
258.00    	98.05     	37.85     	35.02     	5.48      
258.50    	97.49     	37.65     	35.03     	5.48      
259.00    	97.01     	37.48     	34.74     	5.47      
259.50    	96.82     	37.39     	34.20     	5.46      
260.00    	97.00     	37.38     	33.79     	5.45      
260.50    	97.64     	37.46     	34.09     	5.43      
261.00    	98.19     	37.53     	35.01     	5.41      
261.50    	97.40     	37.34     	35.55     	5.39      
262.00    	96.24     	37.09     	35.64     	5.38      
262.50    	95.03     	36.85     	35.27     	5.36      
263.00    	94.19     	36.68     	34.97     	5.34      
263.50    	93.40     	36.54     	34.75     	5.32      
264.00    	92.67     	36.42     	34.46     	5.30      
264.50    	92.21     	36.35     	34.22     	5.28      
265.00    	91.95     	36.32     	34.29     	5.26      
265.50    	91.40     	36.23     	34.57     	5.24      
266.00    	90.25     	36.02     	34.82     	5.22      
266.50    	89.02     	35.80     	34.75     	5.20      
267.00    	87.51     	35.53     	34.10     	5.18      
267.50    	85.85     	35.24     	32.94     	5.16      
268.00    	85.49     	35.21     	32.17     	5.14      
268.50    	86.64     	35.50     	32.22     	5.12      
269.00    	87.86     	35.79     	32.92     	5.11      
269.50    	87.92     	35.84     	33.92     	5.09      
270.00    	87.60     	35.81     	34.37     	5.07      
270.50    	87.24     	35.76     	33.70     	5.06      
271.00    	86.90     	35.73     	32.66     	5.05      
271.50    	86.96     	35.78     	32.16     	5.03      
272.00    	87.69     	35.97     	32.08     	5.02      
272.50    	89.08     	36.29     	32.39     	5.02      
273.00    	90.47     	36.59     	33.04     	5.01      
273.50    	91.74     	36.84     	33.64     	5.01      
274.00    	92.30     	36.92     	33.54     	5.01      
274.50    	92.83     	36.98     	33.44     	5.01      
275.00    	93.02     	36.94     	33.25     	5.01      
275.50    	93.09     	36.86     	32.49     	5.01      
276.00    	93.27     	36.80     	31.42     	5.01      
276.50    	94.68     	36.96     	31.15     	5.01      
277.00    	96.62     	37.20     	31.76     	5.02      
277.50    	97.23     	37.14     	32.07     	5.02      
278.00    	97.09     	36.92     	31.71     	5.02      
278.50    	96.42     	36.58     	30.71     	5.02      
279.00    	95.63     	36.23     	29.89     	5.02      
279.50    	94.77     	35.89     	29.41     	5.02      
280.00    	95.35     	35.84     	29.29     	5.02      
280.50    	96.64     	35.93     	29.32     	5.02      
281.00    	96.71     	35.80     	29.41     	5.01      
281.50    	95.29     	35.40     	29.35     	5.01      
282.00    	93.45     	34.94     	28.86     	5.01      
282.50    	93.19     	34.82     	28.92     	5.01      
283.00    	92.25     	34.79     	28.93     	5.01      
283.50    	91.31     	34.76     	28.95     	5.01      
284.00    	90.37     	34.73     	28.96     	5.00      
284.50    	89.43     	34.70     	28.98     	5.00      
285.00    	88.49     	34.67     	28.99     	4.99      
285.50    	87.55     	34.64     	29.00     	4.98      
286.00    	86.61     	34.61     	29.02     	4.97      
286.50    	85.67     	34.58     	29.03     	4.97      
287.00    	86.45     	34.93     	28.98     	4.96      
287.50    	88.18     	35.46     	29.19     	4.95      
288.00    	89.72     	35.93     	29.53     	4.95      
288.50    	91.00     	36.31     	30.34     	4.94      
289.00    	91.75     	36.56     	30.98     	4.94      
289.50    	91.76     	36.64     	30.93     	4.94      
290.00    	91.59     	36.66     	30.54     	4.95      
290.50    	92.11     	36.82     	30.33     	4.95      
291.00    	92.70     	36.97     	29.69     	4.95      
291.50    	92.89     	37.03     	28.77     	4.96      
292.00    	92.72     	37.00     	28.40     	4.96      
292.50    	92.78     	37.00     	28.87     	4.96      
293.00    	91.96     	36.82     	29.08     	4.96      
293.50    	90.69     	36.54     	28.73     	4.96      
294.00    	89.69     	36.32     	28.21     	4.96      
294.50    	89.84     	36.33     	27.92     	4.96      
295.00    	90.06     	36.34     	27.76     	4.96      
295.50    	89.67     	36.23     	27.76     	4.96      
296.00    	89.21     	36.10     	28.05     	4.96      
296.50    	88.70     	35.95     	28.35     	4.96      
297.00    	88.44     	35.86     	28.60     	4.96      
297.50    	88.52     	35.83     	28.53     	4.97      
298.00    	89.04     	35.90     	28.59     	4.97      
298.50    	89.38     	35.92     	28.60     	4.97      
299.00    	90.01     	36.00     	28.59     	4.97      
299.50    	91.19     	36.18     	28.86     	4.97      
300.00    	92.50     	36.37     	29.61     	4.96      
300.50    	92.63     	36.32     	29.95     	4.96      
301.00    	92.51     	36.21     	30.00     	4.95      
301.50    	91.91     	36.02     	29.76     	4.94      
302.00    	91.39     	35.86     	29.35     	4.93      
302.50    	90.52     	35.64     	28.69     	4.92      
303.00    	89.72     	35.47     	28.32     	4.91      
303.50    	88.98     	35.33     	28.29     	4.91      
304.00    	89.44     	35.45     	28.51     	4.91      
304.50    	90.23     	35.64     	28.70     	4.92      
305.00    	90.39     	35.71     	29.08     	4.93      
305.50    	90.27     	35.72     	29.71     	4.95      
306.00    	90.32     	35.76     	30.00     	4.97      
306.50    	90.25     	35.78     	29.73     	5.00      
307.00    	90.07     	35.76     	29.33     	5.03      
307.50    	90.14     	35.80     	29.51     	5.05      
308.00    	89.98     	35.78     	29.59     	5.08      
308.50    	89.61     	35.71     	29.22     	5.10      
309.00    	89.74     	35.74     	28.96     	5.12      
309.50    	90.95     	35.98     	29.65     	5.13      
310.00    	91.42     	36.05     	30.34     	5.13      
310.50    	91.30     	36.00     	30.55     	5.13      
311.00    	90.63     	35.83     	30.09     	5.12      
311.50    	90.28     	35.72     	29.79     	5.10      
312.00    	89.65     	35.57     	29.53     	5.07      
312.50    	89.05     	35.44     	29.31     	5.04      
313.00    	88.12     	35.25     	28.97     	5.00      
313.50    	87.73     	35.19     	28.93     	4.95      
314.00    	87.14     	35.10     	29.00     	4.90      
314.50    	86.48     	35.01     	29.22     	4.85      
315.00    	86.03     	34.96     	29.62     	4.80      
315.50    	85.87     	34.98     	29.90     	4.75      
316.00    	85.32     	34.92     	30.04     	4.71      
316.50    	84.84     	34.88     	30.33     	4.68      
317.00    	84.75     	34.91     	30.53     	4.65      
317.50    	85.42     	35.09     	30.41     	4.64      
318.00    	86.87     	35.42     	30.55     	4.65      
318.50    	88.53     	35.78     	30.95     	4.66      
319.00    	90.13     	36.10     	31.36     	4.70      
319.50    	91.77     	36.40     	31.79     	4.75      
320.00    	93.47     	36.68     	32.51     	4.81      
320.50    	94.22     	36.76     	32.80     	4.88      
321.00    	94.85     	36.80     	33.01     	4.96      
321.50    	94.89     	36.73     	33.17     	5.04      
322.00    	94.69     	36.63     	33.32     	5.11      
322.50    	94.18     	36.49     	32.75     	5.19      
323.00    	94.97     	36.64     	32.34     	5.25      
323.50    	96.35     	36.91     	32.49     	5.31      
324.00    	97.09     	37.07     	33.02     	5.35      
324.50    	96.93     	37.06     	33.60     	5.37      
325.00    	96.51     	37.00     	33.72     	5.38      
325.50    	95.50     	36.84     	33.09     	5.38      
326.00    	94.09     	36.62     	32.14     	5.37      
326.50    	92.92     	36.46     	31.66     	5.35      
327.00    	92.30     	36.43     	31.56     	5.33      
327.50    	91.92     	36.44     	31.40     	5.30      
328.00    	91.45     	36.43     	31.48     	5.28      
328.50    	91.07     	36.43     	32.17     	5.26      
329.00    	90.11     	36.31     	32.48     	5.23      
329.50    	89.29     	36.21     	32.35     	5.22      
330.00    	88.54     	36.12     	31.91     	5.20      
330.50    	88.77     	36.21     	32.02     	5.18      
331.00    	89.14     	36.31     	32.24     	5.17      
331.50    	89.70     	36.44     	32.44     	5.16      
332.00    	90.34     	36.57     	32.72     	5.15      
332.50    	90.83     	36.66     	33.06     	5.13      
333.00    	91.00     	36.67     	33.28     	5.12      
333.50    	91.07     	36.66     	33.33     	5.11      
334.00    	90.99     	36.62     	33.30     	5.10      
334.50    	90.55     	36.51     	32.91     	5.09      
335.00    	90.65     	36.52     	32.71     	5.08      
335.50    	91.84     	36.75     	33.09     	5.07      
336.00    	93.33     	37.04     	33.83     	5.06      
336.50    	93.68     	37.09     	34.05     	5.05      
337.00    	93.69     	37.06     	33.58     	5.05      
337.50    	93.34     	36.94     	32.42     	5.04      
338.00    	92.94     	36.82     	31.47     	5.04      
338.50    	92.49     	36.67     	30.86     	5.03      
339.00    	92.31     	36.57     	30.22     	5.03      
339.50    	92.14     	36.46     	29.46     	5.03      
340.00    	92.01     	36.35     	29.00     	5.03      
340.50    	92.24     	36.29     	29.15     	5.03      
341.00    	91.98     	36.13     	29.44     	5.04      
341.50    	91.65     	35.94     	29.87     	5.04      
342.00    	91.14     	35.73     	29.93     	5.05      
342.50    	90.77     	35.56     	29.67     	5.06      
343.00    	89.99     	35.34     	29.05     	5.07      
343.50    	90.04     	35.33     	28.93     	5.07      
344.00    	91.04     	35.55     	29.42     	5.08      
344.50    	91.96     	35.82     	30.15     	5.09      
345.00    	92.05     	35.99     	30.64     	5.09      
345.50    	91.84     	36.18     	30.57     	5.09      
346.00    	91.28     	36.39     	30.17     	5.09      
346.50    	90.51     	36.67     	29.82     	5.09      
347.00    	89.79     	37.08     	29.49     	5.08      
347.50    	88.94     	37.57     	28.78     	5.07      
348.00    	88.52     	38.25     	28.30     	5.06      
348.50    	88.66     	39.14     	28.32     	5.04      
349.00    	89.03     	40.14     	28.77     	5.02      
349.50    	88.94     	41.10     	29.10     	4.99      
