Time      	MABP      	CBFV-L    	CBFV-R    	etCO2     
0.00      	111.77    	90.77     	68.38     	4.79      
0.50      	97.59     	77.12     	62.26     	4.79      
1.00      	90.70     	70.12     	59.73     	4.79      
1.50      	94.09     	72.50     	62.18     	4.79      
2.00      	100.47    	77.68     	65.75     	4.79      
2.50      	102.92    	79.37     	66.88     	4.79      
3.00      	102.55    	78.66     	66.64     	4.79      
3.50      	102.44    	78.35     	67.14     	4.80      
4.00      	103.35    	78.83     	68.34     	4.80      
4.50      	104.89    	79.21     	69.20     	4.80      
5.00      	106.44    	79.14     	69.26     	4.80      
5.50      	107.12    	78.82     	68.86     	4.78      
6.00      	106.68    	78.54     	68.37     	4.76      
6.50      	106.53    	78.65     	68.14     	4.73      
7.00      	107.89    	79.33     	68.34     	4.70      
7.50      	109.69    	79.91     	68.48     	4.68      
8.00      	110.26    	79.55     	67.88     	4.66      
8.50      	109.40    	78.41     	66.71     	4.66      
9.00      	107.88    	77.30     	65.68     	4.67      
9.50      	106.62    	76.87     	65.22     	4.70      
10.00     	106.61    	77.53     	65.53     	4.73      
10.50     	107.98    	79.07     	66.39     	4.77      
11.00     	109.13    	80.09     	66.86     	4.81      
11.50     	108.98    	79.70     	66.42     	4.85      
12.00     	108.33    	78.61     	65.83     	4.88      
12.50     	107.77    	77.53     	65.61     	4.91      
13.00     	106.67    	76.58     	65.19     	4.93      
13.50     	104.54    	75.76     	64.18     	4.94      
14.00     	102.24    	75.08     	63.33     	4.95      
14.50     	100.76    	74.55     	63.46     	4.96      
15.00     	100.11    	74.20     	63.99     	4.96      
15.50     	99.93     	74.08     	63.95     	4.96      
16.00     	100.15    	74.30     	63.48     	4.96      
16.50     	100.88    	75.03     	63.52     	4.95      
17.00     	101.94    	76.18     	64.32     	4.94      
17.50     	102.89    	77.45     	65.29     	4.94      
18.00     	103.51    	78.61     	66.07     	4.93      
18.50     	103.95    	79.60     	66.68     	4.92      
19.00     	104.46    	80.35     	67.11     	4.91      
19.50     	105.39    	80.73     	67.31     	4.90      
20.00     	106.84    	80.62     	67.21     	4.90      
20.50     	107.83    	80.04     	66.83     	4.89      
21.00     	107.31    	79.07     	66.23     	4.89      
21.50     	105.69    	77.97     	65.54     	4.88      
22.00     	104.05    	77.10     	64.95     	4.88      
22.50     	102.79    	76.39     	64.29     	4.88      
23.00     	101.77    	75.43     	63.11     	4.88      
23.50     	100.89    	74.07     	61.45     	4.88      
24.00     	100.07    	72.65     	60.15     	4.88      
24.50     	99.27     	71.51     	59.93     	4.89      
25.00     	98.46     	70.91     	60.37     	4.89      
25.50     	97.63     	71.01     	60.78     	4.89      
26.00     	97.11     	71.74     	61.08     	4.89      
26.50     	97.32     	72.87     	61.50     	4.89      
27.00     	98.28     	74.01     	62.01     	4.89      
27.50     	99.64     	74.54     	62.41     	4.89      
28.00     	101.02    	74.43     	62.60     	4.89      
28.50     	102.09    	74.53     	62.73     	4.88      
29.00     	102.70    	75.37     	62.96     	4.87      
29.50     	103.18    	76.55     	63.47     	4.86      
30.00     	103.77    	77.61     	64.27     	4.85      
30.50     	104.39    	78.22     	64.81     	4.84      
31.00     	104.93    	78.16     	64.58     	4.84      
31.50     	105.32    	77.67     	63.78     	4.84      
32.00     	105.51    	77.12     	62.82     	4.84      
32.50     	105.31    	76.72     	62.04     	4.85      
33.00     	104.46    	76.56     	61.69     	4.86      
33.50     	103.39    	76.63     	61.78     	4.88      
34.00     	103.09    	76.88     	62.07     	4.90      
34.50     	103.81    	77.11     	62.25     	4.92      
35.00     	104.55    	77.00     	61.90     	4.93      
35.50     	104.64    	76.44     	60.94     	4.93      
36.00     	104.66    	76.02     	60.28     	4.92      
36.50     	105.11    	76.21     	60.60     	4.91      
37.00     	105.58    	76.66     	61.26     	4.89      
37.50     	105.64    	76.87     	61.50     	4.86      
38.00     	105.79    	76.67     	61.59     	4.84      
38.50     	106.70    	76.00     	62.04     	4.82      
39.00     	107.58    	75.01     	62.45     	4.80      
39.50     	106.72    	74.05     	61.84     	4.79      
40.00     	104.33    	73.39     	60.44     	4.79      
40.50     	102.53    	73.29     	59.75     	4.79      
41.00     	102.25    	73.58     	60.26     	4.79      
41.50     	102.46    	73.44     	60.88     	4.80      
42.00     	102.24    	72.51     	60.83     	4.81      
42.50     	101.44    	71.80     	60.57     	4.81      
43.00     	100.25    	72.21     	60.67     	4.80      
43.50     	99.68     	73.20     	61.17     	4.79      
44.00     	100.61    	73.93     	61.91     	4.78      
44.50     	102.08    	74.14     	62.50     	4.77      
45.00     	102.58    	73.81     	62.45     	4.77      
45.50     	102.17    	73.48     	62.01     	4.76      
46.00     	101.78    	73.97     	61.72     	4.77      
46.50     	101.87    	75.00     	61.64     	4.77      
47.00     	102.54    	75.51     	61.41     	4.78      
47.50     	103.46    	75.22     	60.90     	4.79      
48.00     	103.91    	74.61     	60.20     	4.80      
48.50     	103.60    	74.12     	59.49     	4.82      
49.00     	102.97    	73.92     	59.05     	4.83      
49.50     	102.44    	74.03     	58.96     	4.84      
50.00     	102.31    	74.08     	58.93     	4.84      
50.50     	102.62    	73.78     	58.70     	4.85      
51.00     	102.80    	73.00     	58.30     	4.85      
51.50     	102.37    	71.80     	57.82     	4.85      
52.00     	101.74    	70.93     	57.46     	4.84      
52.50     	101.47    	71.12     	57.43     	4.83      
53.00     	101.71    	71.82     	57.71     	4.82      
53.50     	102.34    	72.07     	58.15     	4.81      
54.00     	102.85    	71.71     	58.31     	4.80      
54.50     	102.50    	71.11     	57.60     	4.79      
55.00     	101.53    	70.72     	56.45     	4.79      
55.50     	100.98    	71.07     	56.21     	4.80      
56.00     	101.25    	72.00     	57.12     	4.81      
56.50     	101.83    	72.56     	58.15     	4.82      
57.00     	102.20    	72.29     	58.50     	4.84      
57.50     	101.81    	71.84     	58.17     	4.85      
58.00     	100.58    	71.81     	57.41     	4.85      
58.50     	99.64     	72.20     	57.03     	4.85      
59.00     	99.94     	72.83     	57.64     	4.84      
59.50     	100.73    	73.29     	58.51     	4.83      
60.00     	100.98    	73.20     	58.73     	4.82      
60.50     	100.57    	72.86     	58.43     	4.81      
61.00     	99.84     	72.85     	58.19     	4.80      
61.50     	99.26     	73.10     	58.07     	4.79      
62.00     	99.35     	73.25     	57.89     	4.79      
62.50     	99.88     	73.25     	57.86     	4.79      
63.00     	99.96     	73.32     	58.47     	4.79      
63.50     	99.52     	73.61     	59.63     	4.79      
64.00     	99.52     	74.17     	60.48     	4.80      
64.50     	100.39    	74.79     	60.69     	4.80      
65.00     	101.66    	74.95     	60.69     	4.81      
65.50     	102.83    	74.53     	60.84     	4.81      
66.00     	103.43    	74.34     	61.28     	4.80      
66.50     	103.42    	74.88     	62.04     	4.80      
67.00     	103.77    	75.60     	63.12     	4.79      
67.50     	104.95    	76.02     	64.32     	4.78      
68.00     	105.51    	76.19     	65.09     	4.77      
68.50     	104.44    	76.23     	65.09     	4.77      
69.00     	103.23    	76.09     	64.88     	4.78      
69.50     	103.36    	75.75     	64.96     	4.79      
70.00     	104.36    	75.40     	64.81     	4.81      
70.50     	105.32    	75.15     	63.92     	4.83      
71.00     	105.45    	74.55     	62.78     	4.84      
71.50     	104.27    	73.19     	62.12     	4.85      
72.00     	102.91    	72.03     	61.96     	4.85      
72.50     	102.99    	72.41     	62.12     	4.85      
73.00     	104.59    	74.00     	62.82     	4.84      
73.50     	107.06    	75.79     	64.29     	4.83      
74.00     	109.18    	76.96     	65.54     	4.83      
74.50     	109.81    	77.03     	65.49     	4.83      
75.00     	109.57    	76.63     	65.18     	4.84      
75.50     	109.25    	76.55     	65.49     	4.85      
76.00     	108.94    	77.03     	65.66     	4.87      
76.50     	108.44    	77.60     	65.17     	4.88      
77.00     	107.35    	77.03     	64.14     	4.90      
77.50     	106.05    	75.43     	63.06     	4.92      
78.00     	105.34    	73.84     	62.58     	4.93      
78.50     	104.80    	72.67     	62.20     	4.94      
79.00     	103.33    	71.89     	60.78     	4.95      
79.50     	101.42    	71.55     	59.08     	4.94      
80.00     	100.29    	71.67     	58.64     	4.93      
80.50     	99.67     	71.73     	58.87     	4.92      
81.00     	98.72     	71.08     	58.37     	4.91      
81.50     	97.66     	70.19     	57.47     	4.90      
82.00     	97.09     	69.96     	57.12     	4.89      
82.50     	97.04     	70.84     	57.62     	4.88      
83.00     	97.32     	72.85     	58.83     	4.89      
83.50     	97.77     	74.81     	59.92     	4.89      
84.00     	98.35     	75.67     	60.20     	4.89      
84.50     	99.28     	76.16     	60.30     	4.90      
85.00     	100.72    	77.10     	60.96     	4.89      
85.50     	102.27    	78.42     	62.28     	4.89      
86.00     	103.59    	79.67     	63.82     	4.87      
86.50     	104.81    	80.02     	64.32     	4.85      
87.00     	105.87    	79.21     	63.32     	4.84      
87.50     	106.39    	78.14     	62.01     	4.82      
88.00     	106.25    	77.40     	61.28     	4.81      
88.50     	105.82    	76.78     	61.19     	4.81      
89.00     	105.56    	76.11     	61.68     	4.81      
89.50     	105.97    	75.47     	62.64     	4.82      
90.00     	107.29    	75.14     	63.70     	4.83      
90.50     	109.29    	75.79     	64.07     	4.85      
91.00     	110.74    	76.87     	63.60     	4.87      
91.50     	109.46    	76.46     	62.94     	4.88      
92.00     	107.09    	75.25     	62.50     	4.90      
92.50     	106.71    	75.07     	62.38     	4.92      
93.00     	106.98    	75.09     	62.15     	4.93      
93.50     	106.12    	74.27     	61.41     	4.94      
94.00     	104.77    	73.14     	60.41     	4.95      
94.50     	103.67    	72.43     	59.62     	4.95      
95.00     	102.67    	72.63     	59.67     	4.95      
95.50     	101.69    	73.59     	60.58     	4.95      
96.00     	100.99    	74.21     	61.31     	4.94      
96.50     	100.98    	74.18     	61.58     	4.93      
97.00     	102.10    	74.06     	61.92     	4.92      
97.50     	103.57    	74.00     	62.25     	4.92      
98.00     	103.77    	73.85     	62.04     	4.91      
98.50     	102.96    	73.82     	61.77     	4.91      
99.00     	102.43    	74.26     	62.37     	4.90      
99.50     	102.90    	74.86     	63.43     	4.90      
100.00    	104.48    	75.19     	64.22     	4.90      
100.50    	105.66    	75.19     	64.64     	4.89      
101.00    	105.10    	74.97     	64.74     	4.89      
101.50    	103.78    	74.74     	64.44     	4.88      
102.00    	102.91    	74.60     	63.73     	4.86      
102.50    	102.88    	74.35     	62.96     	4.85      
103.00    	103.53    	73.84     	62.38     	4.83      
103.50    	103.65    	73.31     	61.96     	4.82      
104.00    	102.69    	73.11     	61.73     	4.81      
104.50    	102.23    	73.83     	61.95     	4.80      
105.00    	103.34    	75.54     	62.63     	4.80      
105.50    	105.08    	76.92     	63.12     	4.80      
106.00    	106.39    	77.04     	62.92     	4.80      
106.50    	106.58    	76.29     	62.19     	4.80      
107.00    	105.60    	75.29     	61.31     	4.81      
107.50    	104.73    	74.72     	61.06     	4.82      
108.00    	104.94    	74.90     	61.74     	4.83      
108.50    	106.00    	75.42     	62.48     	4.83      
109.00    	107.49    	75.82     	62.65     	4.84      
109.50    	108.85    	75.82     	62.67     	4.85      
110.00    	109.39    	75.38     	62.79     	4.85      
110.50    	108.21    	74.95     	62.31     	4.86      
111.00    	105.61    	74.60     	61.10     	4.86      
111.50    	103.31    	73.81     	59.88     	4.87      
112.00    	101.91    	72.59     	59.01     	4.87      
112.50    	101.00    	71.37     	58.53     	4.86      
113.00    	100.14    	70.37     	58.35     	4.86      
113.50    	98.88     	69.52     	58.23     	4.85      
114.00    	97.35     	69.17     	58.34     	4.84      
114.50    	96.41     	70.21     	59.37     	4.83      
115.00    	96.41     	72.39     	61.13     	4.82      
115.50    	96.90     	74.02     	62.32     	4.80      
116.00    	97.55     	74.33     	62.37     	4.78      
116.50    	98.19     	74.12     	61.96     	4.77      
117.00    	98.75     	74.22     	61.87     	4.75      
117.50    	99.21     	75.10     	62.88     	4.74      
118.00    	99.60     	76.83     	65.07     	4.72      
118.50    	99.94     	78.51     	66.84     	4.71      
119.00    	100.31    	79.42     	67.03     	4.70      
119.50    	100.90    	79.73     	66.60     	4.70      
120.00    	101.75    	79.65     	66.48     	4.69      
120.50    	102.11    	78.91     	66.10     	4.69      
121.00    	101.33    	77.37     	64.91     	4.69      
121.50    	100.08    	75.86     	63.76     	4.70      
122.00    	99.20     	75.23     	63.49     	4.70      
122.50    	98.56     	74.88     	62.96     	4.71      
123.00    	97.85     	73.95     	60.93     	4.72      
123.50    	97.33     	72.66     	58.64     	4.73      
124.00    	97.36     	71.50     	57.91     	4.73      
124.50    	97.38     	70.56     	57.99     	4.73      
125.00    	96.61     	69.72     	57.27     	4.73      
125.50    	95.78     	69.31     	56.17     	4.73      
126.00    	96.10     	69.71     	55.93     	4.73      
126.50    	97.39     	70.38     	56.21     	4.72      
127.00    	98.84     	70.43     	56.13     	4.72      
127.50    	99.88     	69.74     	55.79     	4.72      
128.00    	100.15    	68.60     	55.84     	4.73      
128.50    	99.80     	67.45     	56.16     	4.74      
129.00    	99.30     	66.74     	56.24     	4.76      
129.50    	99.17     	66.60     	56.14     	4.78      
130.00    	99.87     	66.91     	56.22     	4.80      
130.50    	100.87    	67.30     	56.31     	4.82      
131.00    	100.86    	67.14     	55.80     	4.83      
131.50    	99.80     	66.72     	54.96     	4.83      
132.00    	99.16     	67.25     	55.03     	4.82      
132.50    	99.55     	68.75     	56.16     	4.81      
133.00    	100.51    	69.71     	57.14     	4.79      
133.50    	101.34    	69.53     	57.40     	4.77      
134.00    	101.12    	69.20     	57.47     	4.75      
134.50    	100.03    	69.46     	57.76     	4.74      
135.00    	100.15    	70.52     	58.32     	4.74      
135.50    	102.07    	72.01     	58.95     	4.74      
136.00    	103.47    	72.75     	59.05     	4.74      
136.50    	103.18    	72.40     	58.39     	4.75      
137.00    	102.62    	72.23     	57.59     	4.76      
137.50    	102.80    	72.81     	57.18     	4.77      
138.00    	103.64    	73.32     	57.48     	4.79      
138.50    	104.74    	73.18     	58.29     	4.80      
139.00    	105.37    	72.46     	58.55     	4.81      
139.50    	105.28    	71.47     	57.96     	4.81      
140.00    	105.13    	70.87     	57.56     	4.81      
140.50    	105.35    	70.78     	57.74     	4.81      
141.00    	106.00    	70.60     	57.83     	4.81      
141.50    	106.48    	69.90     	57.37     	4.80      
142.00    	105.43    	68.63     	56.32     	4.79      
142.50    	103.05    	67.42     	55.38     	4.79      
143.00    	101.52    	67.60     	56.10     	4.78      
143.50    	101.45    	68.89     	57.91     	4.77      
144.00    	101.66    	69.29     	58.10     	4.77      
144.50    	101.45    	68.63     	56.70     	4.76      
145.00    	100.72    	68.57     	56.44     	4.75      
145.50    	99.99     	69.39     	57.64     	4.74      
146.00    	100.23    	70.11     	58.53     	4.73      
146.50    	100.79    	70.36     	58.67     	4.72      
147.00    	99.97     	70.27     	58.63     	4.71      
147.50    	98.29     	70.29     	58.83     	4.71      
148.00    	97.58     	70.97     	59.49     	4.71      
148.50    	97.94     	72.21     	60.37     	4.71      
149.00    	98.68     	73.55     	61.07     	4.72      
149.50    	99.49     	74.44     	61.66     	4.73      
150.00    	100.16    	74.49     	62.23     	4.74      
150.50    	100.36    	73.95     	62.29     	4.76      
151.00    	100.08    	73.22     	61.61     	4.77      
151.50    	99.69     	72.77     	60.58     	4.79      
152.00    	99.19     	72.67     	60.11     	4.80      
152.50    	98.39     	72.70     	60.82     	4.82      
153.00    	97.51     	72.37     	61.08     	4.82      
153.50    	96.67     	71.32     	59.46     	4.83      
154.00    	95.41     	69.98     	57.36     	4.83      
154.50    	93.68     	68.97     	56.22     	4.83      
155.00    	92.67     	69.00     	56.32     	4.82      
155.50    	93.05     	70.07     	57.44     	4.80      
156.00    	94.42     	71.12     	58.88     	4.79      
156.50    	95.87     	71.53     	59.83     	4.77      
157.00    	95.93     	71.56     	59.41     	4.75      
157.50    	94.99     	71.64     	58.52     	4.74      
158.00    	95.34     	72.31     	59.66     	4.73      
158.50    	97.10     	73.33     	61.90     	4.72      
159.00    	98.91     	73.96     	62.29     	4.73      
159.50    	100.02    	74.19     	61.53     	4.74      
160.00    	100.50    	74.48     	61.57     	4.76      
160.50    	102.32    	76.01     	62.10     	4.79      
161.00    	105.90    	78.67     	62.51     	4.83      
161.50    	108.43    	79.96     	62.65     	4.87      
162.00    	109.17    	79.27     	62.23     	4.91      
162.50    	108.87    	77.44     	61.01     	4.94      
163.00    	108.03    	75.71     	59.31     	4.96      
163.50    	106.88    	74.52     	57.86     	4.97      
164.00    	105.40    	73.25     	57.48     	4.96      
164.50    	103.76    	71.66     	57.52     	4.93      
165.00    	102.17    	69.77     	56.93     	4.90      
165.50    	100.47    	67.76     	55.95     	4.87      
166.00    	98.51     	65.99     	55.01     	4.84      
166.50    	96.41     	65.17     	54.18     	4.82      
167.00    	94.47     	65.61     	53.52     	4.81      
167.50    	93.27     	66.50     	53.30     	4.81      
168.00    	92.98     	67.13     	53.60     	4.81      
168.50    	92.54     	67.57     	54.02     	4.82      
169.00    	91.49     	68.22     	54.50     	4.83      
169.50    	91.67     	69.97     	56.26     	4.83      
170.00    	94.01     	72.94     	59.60     	4.83      
170.50    	96.64     	75.39     	62.51     	4.83      
171.00    	98.37     	76.31     	63.70     	4.83      
171.50    	99.72     	76.35     	63.64     	4.83      
172.00    	101.10    	76.14     	63.19     	4.82      
172.50    	102.49    	76.12     	63.42     	4.82      
173.00    	103.77    	76.16     	64.32     	4.82      
173.50    	104.74    	75.60     	64.78     	4.82      
174.00    	105.27    	74.36     	64.47     	4.82      
174.50    	105.23    	72.91     	63.77     	4.82      
175.00    	104.51    	71.56     	62.81     	4.82      
175.50    	103.08    	70.54     	61.49     	4.82      
176.00    	101.69    	69.90     	60.14     	4.82      
176.50    	101.41    	69.59     	59.23     	4.82      
177.00    	101.86    	69.29     	58.67     	4.82      
177.50    	101.72    	68.55     	58.05     	4.82      
178.00    	100.86    	67.75     	57.54     	4.82      
178.50    	100.05    	67.88     	57.76     	4.82      
179.00    	99.98     	68.78     	58.51     	4.82      
179.50    	101.11    	69.48     	58.97     	4.82      
180.00    	102.52    	69.62     	59.00     	4.82      
180.50    	102.28    	69.43     	58.99     	4.82      
181.00    	101.05    	69.49     	59.11     	4.82      
181.50    	101.22    	70.49     	59.28     	4.82      
182.00    	102.75    	71.93     	59.32     	4.82      
182.50    	104.02    	72.56     	58.99     	4.82      
183.00    	104.54    	72.67     	58.71     	4.82      
183.50    	104.61    	73.30     	59.16     	4.82      
184.00    	104.79    	74.21     	59.93     	4.82      
184.50    	105.57    	74.60     	60.18     	4.83      
185.00    	106.42    	74.10     	59.82     	4.83      
185.50    	106.55    	72.70     	59.04     	4.83      
186.00    	105.77    	71.32     	58.15     	4.83      
186.50    	104.31    	70.88     	57.50     	4.83      
187.00    	103.16    	70.86     	57.34     	4.82      
187.50    	102.95    	70.54     	57.65     	4.82      
188.00    	102.71    	69.74     	57.62     	4.81      
188.50    	101.50    	68.58     	56.72     	4.80      
189.00    	99.87     	67.84     	56.11     	4.78      
189.50    	98.59     	68.12     	56.81     	4.76      
190.00    	97.82     	68.66     	57.72     	4.73      
190.50    	97.56     	68.62     	57.63     	4.71      
191.00    	97.73     	68.42     	57.35     	4.69      
191.50    	98.23     	68.74     	58.03     	4.68      
192.00    	98.83     	69.60     	59.26     	4.69      
192.50    	99.34     	70.76     	60.13     	4.72      
193.00    	99.87     	71.91     	60.91     	4.76      
193.50    	100.68    	72.78     	62.16     	4.81      
194.00    	102.01    	73.51     	63.45     	4.86      
194.50    	104.00    	74.32     	64.05     	4.90      
195.00    	105.62    	74.97     	64.08     	4.92      
195.50    	105.60    	75.03     	64.04     	4.93      
196.00    	105.07    	74.84     	64.14     	4.92      
196.50    	105.92    	74.97     	64.42     	4.90      
197.00    	107.62    	75.28     	64.40     	4.88      
197.50    	108.75    	75.39     	63.55     	4.86      
198.00    	108.99    	75.17     	62.47     	4.84      
198.50    	108.49    	74.60     	62.03     	4.84      
199.00    	107.53    	73.75     	61.78     	4.85      
199.50    	106.44    	72.75     	61.06     	4.87      
200.00    	105.81    	72.09     	60.62     	4.89      
200.50    	106.11    	72.23     	61.41     	4.91      
201.00    	106.80    	72.88     	62.13     	4.93      
201.50    	106.92    	73.40     	61.27     	4.95      
202.00    	105.74    	72.96     	60.13     	4.97      
202.50    	103.38    	71.55     	59.79     	4.98      
203.00    	101.53    	70.93     	59.31     	4.98      
203.50    	100.58    	71.33     	58.36     	4.99      
204.00    	99.06     	70.91     	57.65     	4.98      
204.50    	96.96     	69.51     	57.43     	4.98      
205.00    	95.79     	68.72     	57.42     	4.98      
205.50    	95.60     	68.94     	57.29     	4.97      
206.00    	94.64     	69.12     	56.67     	4.97      
206.50    	92.81     	69.16     	56.06     	4.96      
207.00    	92.07     	70.13     	57.04     	4.96      
207.50    	93.27     	72.26     	59.81     	4.95      
208.00    	95.50     	74.50     	62.58     	4.93      
208.50    	97.69     	76.08     	64.15     	4.92      
209.00    	98.68     	76.88     	64.39     	4.89      
209.50    	98.55     	77.17     	63.94     	4.86      
210.00    	99.15     	77.74     	64.35     	4.83      
210.50    	100.94    	78.58     	65.66     	4.80      
211.00    	102.44    	78.56     	65.81     	4.78      
211.50    	102.75    	77.51     	64.40     	4.77      
212.00    	101.94    	76.50     	63.20     	4.78      
212.50    	100.88    	75.97     	62.99     	4.81      
213.00    	101.23    	75.64     	63.33     	4.85      
213.50    	102.85    	75.30     	63.85     	4.89      
214.00    	103.43    	74.92     	64.39     	4.93      
214.50    	102.59    	74.68     	64.79     	4.95      
215.00    	102.28    	74.94     	64.97     	4.95      
215.50    	103.17    	75.40     	64.90     	4.94      
216.00    	104.68    	75.26     	64.59     	4.91      
216.50    	105.68    	74.50     	63.88     	4.88      
217.00    	104.93    	73.71     	62.56     	4.84      
217.50    	103.76    	73.41     	61.46     	4.80      
218.00    	104.54    	73.96     	61.76     	4.76      
218.50    	106.21    	74.64     	62.59     	4.73      
219.00    	106.78    	74.63     	62.60     	4.70      
219.50    	106.91    	74.67     	62.52     	4.69      
220.00    	107.56    	75.32     	63.06     	4.69      
220.50    	108.48    	75.58     	63.43     	4.70      
221.00    	109.57    	75.19     	63.33     	4.72      
221.50    	111.21    	75.26     	63.57     	4.75      
222.00    	112.34    	75.52     	63.71     	4.77      
222.50    	111.27    	74.71     	62.62     	4.80      
223.00    	109.05    	73.31     	61.17     	4.82      
223.50    	107.06    	72.05     	60.28     	4.85      
224.00    	105.54    	71.16     	59.80     	4.86      
224.50    	104.20    	70.47     	59.43     	4.88      
225.00    	102.26    	69.40     	58.90     	4.88      
225.50    	99.72     	68.15     	58.28     	4.89      
226.00    	97.57     	67.81     	57.96     	4.88      
226.50    	96.36     	68.37     	58.08     	4.87      
227.00    	96.21     	68.73     	58.44     	4.86      
227.50    	96.49     	68.57     	58.96     	4.84      
228.00    	95.94     	68.31     	59.61     	4.83      
228.50    	94.86     	68.61     	60.37     	4.81      
229.00    	94.99     	70.13     	61.20     	4.80      
229.50    	96.42     	72.26     	62.14     	4.79      
230.00    	98.09     	73.55     	63.22     	4.79      
230.50    	99.20     	73.88     	64.17     	4.79      
231.00    	99.25     	74.04     	64.59     	4.79      
231.50    	98.83     	74.42     	64.80     	4.80      
232.00    	99.01     	75.13     	65.39     	4.82      
232.50    	99.85     	75.93     	65.93     	4.83      
233.00    	100.91    	76.41     	65.58     	4.85      
233.50    	101.70    	76.30     	64.60     	4.86      
234.00    	101.79    	75.51     	63.79     	4.87      
234.50    	101.56    	74.75     	63.73     	4.87      
235.00    	101.81    	75.07     	64.64     	4.86      
235.50    	102.47    	75.72     	65.34     	4.85      
236.00    	103.04    	75.18     	64.10     	4.85      
236.50    	103.29    	73.67     	61.57     	4.84      
237.00    	103.13    	72.35     	59.65     	4.83      
237.50    	102.53    	71.62     	58.85     	4.83      
238.00    	101.52    	71.35     	58.73     	4.84      
238.50    	100.57    	71.26     	58.55     	4.85      
239.00    	100.32    	70.99     	57.46     	4.86      
239.50    	100.48    	70.52     	55.76     	4.87      
240.00    	99.93     	70.17     	54.74     	4.88      
240.50    	98.71     	70.27     	54.97     	4.89      
241.00    	98.20     	71.12     	56.09     	4.89      
241.50    	98.82     	72.62     	57.57     	4.89      
242.00    	99.85     	74.15     	58.73     	4.89      
242.50    	100.70    	75.16     	59.24     	4.88      
243.00    	101.08    	75.23     	59.23     	4.88      
243.50    	101.11    	74.60     	59.11     	4.87      
244.00    	101.51    	74.58     	59.61     	4.87      
244.50    	102.74    	75.75     	60.98     	4.86      
245.00    	104.67    	77.34     	62.56     	4.86      
245.50    	106.92    	78.54     	63.72     	4.86      
246.00    	108.64    	78.61     	64.01     	4.86      
246.50    	109.22    	77.34     	63.38     	4.87      
247.00    	108.91    	75.98     	62.71     	4.87      
247.50    	108.06    	75.47     	62.66     	4.88      
248.00    	106.83    	75.01     	62.48     	4.89      
248.50    	105.47    	73.77     	61.47     	4.89      
249.00    	104.82    	72.59     	60.81     	4.90      
249.50    	105.77    	72.72     	61.98     	4.91      
250.00    	107.68    	73.85     	63.74     	4.91      
250.50    	109.08    	74.82     	63.67     	4.91      
251.00    	109.27    	75.33     	62.79     	4.91      
251.50    	108.17    	75.51     	63.07     	4.90      
252.00    	106.65    	75.54     	63.54     	4.89      
252.50    	105.60    	75.53     	63.17     	4.89      
253.00    	105.25    	75.25     	62.70     	4.88      
253.50    	105.35    	74.52     	62.60     	4.87      
254.00    	104.67    	73.48     	61.99     	4.86      
254.50    	102.71    	72.42     	60.65     	4.85      
255.00    	100.96    	71.82     	60.26     	4.84      
255.50    	100.47    	71.94     	61.59     	4.83      
256.00    	100.87    	72.36     	62.94     	4.82      
256.50    	101.51    	72.72     	63.19     	4.81      
257.00    	101.59    	72.87     	63.11     	4.79      
257.50    	101.14    	73.06     	63.30     	4.77      
258.00    	101.54    	74.02     	63.84     	4.76      
258.50    	102.97    	75.59     	64.53     	4.74      
259.00    	103.68    	76.28     	64.87     	4.73      
259.50    	103.07    	75.75     	64.76     	4.73      
260.00    	102.44    	75.63     	64.69     	4.75      
260.50    	102.54    	76.38     	64.81     	4.77      
261.00    	103.08    	76.70     	64.74     	4.79      
261.50    	103.50    	76.09     	64.22     	4.81      
262.00    	103.01    	75.35     	63.29     	4.83      
262.50    	101.68    	75.02     	62.19     	4.83      
263.00    	100.79    	75.12     	61.39     	4.81      
263.50    	101.02    	75.59     	61.18     	4.79      
264.00    	102.18    	76.18     	61.61     	4.77      
264.50    	103.49    	76.64     	62.40     	4.74      
265.00    	103.53    	76.66     	62.90     	4.73      
265.50    	102.56    	76.37     	62.86     	4.73      
266.00    	102.59    	76.28     	62.48     	4.73      
266.50    	103.70    	76.29     	61.91     	4.74      
267.00    	104.20    	75.76     	61.20     	4.75      
267.50    	104.06    	75.18     	60.85     	4.77      
268.00    	104.37    	75.60     	61.52     	4.77      
268.50    	104.96    	76.25     	62.58     	4.78      
269.00    	105.30    	75.98     	63.01     	4.78      
269.50    	106.18    	75.91     	62.62     	4.78      
270.00    	107.84    	76.66     	61.88     	4.77      
270.50    	108.24    	76.10     	62.15     	4.77      
271.00    	106.90    	74.29     	62.59     	4.76      
271.50    	105.15    	73.49     	60.81     	4.76      
272.00    	104.05    	73.42     	58.66     	4.76      
272.50    	103.98    	72.98     	58.46     	4.76      
273.00    	103.46    	71.93     	58.26     	4.77      
273.50    	101.60    	70.51     	56.66     	4.78      
274.00    	99.91     	69.63     	55.71     	4.80      
274.50    	99.18     	69.57     	56.22     	4.83      
275.00    	98.66     	69.59     	56.54     	4.86      
275.50    	97.91     	69.31     	56.17     	4.88      
276.00    	97.05     	68.97     	56.35     	4.90      
276.50    	96.43     	69.11     	57.53     	4.91      
277.00    	96.61     	70.49     	59.06     	4.90      
277.50    	97.69     	72.87     	60.54     	4.88      
278.00    	99.28     	75.13     	61.89     	4.85      
278.50    	100.48    	76.39     	62.75     	4.82      
279.00    	100.27    	76.13     	62.78     	4.80      
279.50    	99.87     	75.89     	62.81     	4.78      
280.00    	100.99    	77.45     	63.89     	4.77      
280.50    	102.83    	79.29     	65.32     	4.76      
281.00    	104.11    	79.65     	66.11     	4.76      
281.50    	104.10    	78.99     	65.72     	4.75      
282.00    	103.11    	78.23     	64.41     	4.75      
282.50    	102.97    	78.39     	63.72     	4.73      
283.00    	103.81    	79.10     	63.80     	4.72      
283.50    	103.69    	78.57     	63.19     	4.72      
284.00    	102.36    	77.10     	62.15     	4.71      
284.50    	101.09    	76.69     	62.34     	4.71      
285.00    	100.31    	76.98     	62.98     	4.72      
285.50    	99.99     	76.53     	62.27     	4.73      
286.00    	99.77     	75.43     	60.63     	4.74      
286.50    	99.22     	74.48     	59.43     	4.75      
287.00    	98.65     	74.22     	59.25     	4.75      
287.50    	98.57     	74.85     	60.09     	4.76      
288.00    	98.89     	75.49     	60.67     	4.76      
288.50    	99.38     	75.18     	59.85     	4.76      
289.00    	100.08    	74.33     	58.69     	4.76      
289.50    	101.03    	73.67     	58.41     	4.76      
290.00    	102.04    	73.73     	58.52     	4.75      
290.50    	103.05    	74.61     	58.42     	4.74      
291.00    	104.49    	75.36     	58.22     	4.73      
291.50    	106.19    	75.23     	58.02     	4.72      
292.00    	106.65    	74.25     	57.67     	4.70      
292.50    	105.68    	73.06     	57.32     	4.69      
293.00    	105.23    	73.02     	57.55     	4.67      
293.50    	105.62    	73.92     	58.20     	4.65      
294.00    	105.23    	73.84     	58.35     	4.64      
294.50    	103.55    	72.45     	58.00     	4.63      
295.00    	101.20    	71.05     	58.03     	4.64      
295.50    	98.83     	70.16     	58.41     	4.65      
296.00    	97.02     	69.66     	58.35     	4.67      
296.50    	96.05     	69.42     	57.89     	4.69      
297.00    	95.84     	69.34     	57.92     	4.72      
297.50    	96.23     	69.43     	58.77     	4.75      
298.00    	96.91     	69.93     	59.90     	4.77      
298.50    	97.88     	70.96     	60.91     	4.79      
299.00    	99.64     	72.37     	61.83     	4.80      
299.50    	102.25    	73.84     	62.69     	4.82      
300.00    	104.61    	74.68     	63.45     	4.82      
300.50    	105.87    	74.53     	64.04     	4.83      
301.00    	106.12    	73.98     	64.22     	4.84      
301.50    	105.82    	73.67     	63.96     	4.84      
302.00    	105.92    	73.88     	63.64     	4.84      
