Time      	MABP      	CBFV-L    	CBFV-R    	etCO2     
0.00      	92.46     	64.35     	76.23     	5.75      
0.50      	92.17     	63.37     	74.94     	5.75      
1.00      	91.79     	62.12     	73.53     	5.75      
1.50      	90.77     	60.17     	71.63     	5.75      
2.00      	89.59     	58.06     	69.62     	5.75      
2.50      	89.51     	58.82     	69.70     	5.74      
3.00      	89.57     	59.94     	70.05     	5.72      
3.50      	89.53     	60.60     	70.93     	5.71      
4.00      	89.48     	61.28     	71.81     	5.70      
4.50      	89.13     	62.35     	72.48     	5.69      
5.00      	88.77     	63.28     	73.06     	5.68      
5.50      	88.14     	61.76     	72.00     	5.66      
6.00      	87.59     	60.38     	71.17     	5.65      
6.50      	87.62     	59.90     	71.80     	5.64      
7.00      	87.85     	60.17     	72.69     	5.63      
7.50      	88.60     	62.40     	74.26     	5.63      
8.00      	88.95     	63.79     	75.39     	5.63      
8.50      	88.58     	63.68     	75.76     	5.63      
9.00      	88.33     	63.51     	75.71     	5.63      
9.50      	88.33     	63.19     	74.75     	5.63      
10.00     	88.50     	63.03     	74.04     	5.63      
10.50     	89.01     	63.19     	73.81     	5.64      
11.00     	89.71     	63.84     	74.11     	5.64      
11.50     	90.60     	65.02     	74.97     	5.64      
12.00     	90.92     	65.35     	75.56     	5.65      
12.50     	90.72     	64.91     	75.92     	5.66      
13.00     	90.13     	64.22     	75.33     	5.66      
13.50     	89.16     	63.28     	73.77     	5.67      
14.00     	88.08     	61.97     	72.12     	5.67      
14.50     	86.88     	60.21     	70.37     	5.68      
15.00     	86.62     	59.85     	70.45     	5.68      
15.50     	87.15     	60.66     	72.07     	5.68      
16.00     	88.13     	62.27     	73.58     	5.67      
16.50     	89.34     	64.27     	75.03     	5.67      
17.00     	90.43     	65.28     	76.08     	5.66      
17.50     	91.48     	65.85     	76.96     	5.66      
18.00     	91.79     	65.28     	75.95     	5.65      
18.50     	91.74     	64.17     	74.05     	5.65      
19.00     	91.78     	63.55     	72.25     	5.64      
19.50     	91.85     	63.12     	70.49     	5.64      
20.00     	92.16     	63.46     	70.43     	5.64      
20.50     	92.52     	63.98     	70.79     	5.65      
21.00     	92.04     	63.92     	71.10     	5.66      
21.50     	91.38     	63.72     	71.39     	5.66      
22.00     	90.64     	63.26     	71.19     	5.67      
22.50     	89.88     	62.74     	70.88     	5.67      
23.00     	88.92     	61.79     	69.93     	5.68      
23.50     	87.91     	60.75     	68.84     	5.68      
24.00     	87.97     	61.26     	69.62     	5.69      
24.50     	88.11     	61.97     	70.57     	5.69      
25.00     	88.49     	63.70     	72.07     	5.69      
25.50     	88.91     	65.27     	73.52     	5.69      
26.00     	89.55     	66.08     	74.67     	5.69      
26.50     	90.05     	66.42     	75.48     	5.69      
27.00     	90.04     	65.10     	75.09     	5.69      
27.50     	89.82     	63.77     	74.35     	5.70      
28.00     	88.98     	62.47     	72.58     	5.70      
28.50     	88.55     	62.02     	72.00     	5.69      
29.00     	88.74     	62.91     	73.27     	5.68      
29.50     	88.72     	63.33     	73.90     	5.67      
30.00     	88.47     	63.26     	73.86     	5.65      
30.50     	88.02     	62.89     	73.72     	5.64      
31.00     	87.35     	62.19     	73.48     	5.63      
31.50     	86.60     	61.35     	72.54     	5.62      
32.00     	85.76     	60.33     	70.79     	5.60      
32.50     	85.25     	59.55     	70.23     	5.59      
33.00     	85.00     	58.96     	70.63     	5.59      
33.50     	85.45     	60.08     	71.84     	5.60      
34.00     	86.17     	61.87     	73.37     	5.61      
34.50     	86.66     	63.42     	74.70     	5.62      
35.00     	87.10     	64.92     	76.00     	5.63      
35.50     	87.43     	65.06     	75.78     	5.64      
36.00     	87.74     	65.07     	75.40     	5.65      
36.50     	87.84     	63.45     	72.94     	5.66      
37.00     	88.05     	62.15     	71.12     	5.67      
37.50     	88.64     	61.92     	71.34     	5.68      
38.00     	89.16     	62.07     	71.89     	5.67      
38.50     	89.59     	62.74     	72.86     	5.66      
39.00     	89.78     	62.67     	73.21     	5.64      
39.50     	89.74     	61.86     	72.94     	5.63      
40.00     	89.38     	61.06     	72.05     	5.61      
40.50     	88.74     	60.26     	70.64     	5.60      
41.00     	88.51     	59.95     	70.01     	5.59      
41.50     	88.53     	59.94     	69.85     	5.57      
42.00     	88.48     	60.36     	70.66     	5.56      
42.50     	88.42     	60.90     	71.75     	5.54      
43.00     	87.67     	60.76     	72.15     	5.53      
43.50     	86.76     	60.48     	72.41     	5.52      
44.00     	85.52     	59.56     	71.01     	5.50      
44.50     	84.21     	58.52     	69.27     	5.49      
45.00     	84.51     	59.77     	70.78     	5.48      
45.50     	84.89     	61.12     	72.46     	5.48      
46.00     	85.38     	62.23     	74.06     	5.48      
46.50     	85.80     	63.30     	75.46     	5.48      
47.00     	85.86     	64.09     	75.78     	5.48      
47.50     	85.86     	64.40     	75.76     	5.48      
48.00     	85.67     	63.36     	74.78     	5.49      
48.50     	85.94     	62.96     	74.45     	5.49      
49.00     	86.74     	63.30     	74.89     	5.50      
49.50     	87.10     	63.61     	75.32     	5.51      
50.00     	87.17     	63.89     	75.75     	5.52      
50.50     	86.94     	63.60     	75.43     	5.53      
51.00     	86.54     	62.99     	74.71     	5.54      
51.50     	86.15     	61.95     	72.88     	5.55      
52.00     	85.75     	60.75     	70.67     	5.56      
52.50     	86.69     	61.39     	71.61     	5.57      
53.00     	87.68     	62.19     	72.76     	5.58      
53.50     	87.95     	63.35     	73.34     	5.59      
54.00     	88.15     	64.34     	73.62     	5.59      
54.50     	87.97     	64.45     	72.38     	5.60      
55.00     	87.80     	64.21     	71.26     	5.61      
55.50     	87.65     	62.74     	70.58     	5.62      
56.00     	87.53     	61.36     	69.88     	5.62      
56.50     	87.50     	60.14     	69.13     	5.63      
57.00     	87.85     	60.23     	69.45     	5.63      
57.50     	88.51     	61.34     	70.63     	5.62      
58.00     	88.51     	61.67     	71.79     	5.60      
58.50     	88.21     	61.64     	72.94     	5.59      
59.00     	87.64     	60.47     	73.00     	5.57      
59.50     	86.96     	58.88     	72.64     	5.56      
60.00     	86.17     	57.56     	71.74     	5.54      
60.50     	85.34     	56.33     	70.64     	5.53      
61.00     	85.23     	57.47     	71.31     	5.53      
61.50     	85.30     	59.16     	72.41     	5.53      
62.00     	84.86     	59.50     	72.97     	5.54      
62.50     	84.23     	59.32     	73.32     	5.54      
63.00     	83.29     	58.71     	72.42     	5.55      
63.50     	82.19     	57.88     	70.89     	5.55      
64.00     	82.40     	58.79     	71.56     	5.55      
64.50     	83.10     	60.32     	73.03     	5.56      
65.00     	83.55     	61.51     	74.75     	5.56      
65.50     	83.93     	62.61     	76.52     	5.57      
66.00     	83.93     	62.86     	76.54     	5.57      
66.50     	83.80     	62.85     	76.01     	5.58      
67.00     	83.26     	61.91     	74.83     	5.58      
67.50     	82.59     	60.70     	73.45     	5.59      
68.00     	82.99     	61.48     	73.61     	5.58      
68.50     	83.53     	62.53     	73.97     	5.55      
69.00     	83.55     	62.33     	74.47     	5.53      
69.50     	83.52     	61.99     	74.97     	5.51      
70.00     	82.78     	60.72     	73.96     	5.49      
70.50     	81.96     	59.34     	72.79     	5.46      
71.00     	82.32     	59.00     	73.30     	5.44      
71.50     	82.73     	58.84     	73.95     	5.42      
72.00     	83.50     	60.02     	75.61     	5.39      
72.50     	84.16     	60.97     	77.03     	5.37      
73.00     	84.33     	60.71     	77.12     	5.34      
73.50     	84.40     	60.23     	76.96     	5.32      
74.00     	84.18     	59.05     	75.94     	5.29      
74.50     	84.54     	58.46     	75.46     	5.26      
75.00     	85.85     	58.88     	75.88     	5.25      
75.50     	86.74     	59.07     	76.21     	5.24      
76.00     	87.15     	59.00     	76.46     	5.24      
76.50     	87.20     	58.57     	75.90     	5.23      
77.00     	86.87     	57.74     	74.51     	5.22      
77.50     	87.61     	58.32     	74.29     	5.21      
78.00     	88.99     	59.75     	74.78     	5.21      
78.50     	90.68     	62.35     	75.72     	5.25      
79.00     	92.17     	64.94     	76.79     	5.30      
79.50     	92.26     	66.25     	78.23     	5.36      
80.00     	92.10     	66.53     	77.35     	5.41      
80.50     	91.55     	65.19     	75.90     	5.46      
81.00     	91.20     	64.08     	74.45     	5.51      
81.50     	91.05     	63.21     	73.00     	5.56      
82.00     	90.47     	62.17     	71.38     	5.61      
82.50     	89.64     	61.05     	69.53     	5.67      
83.00     	90.05     	60.95     	70.03     	5.69      
83.50     	90.71     	61.12     	71.05     	5.69      
84.00     	90.92     	62.02     	72.17     	5.69      
84.50     	90.98     	62.78     	73.15     	5.69      
85.00     	90.57     	63.12     	73.76     	5.69      
85.50     	90.16     	63.26     	73.99     	5.69      
86.00     	89.78     	62.98     	73.48     	5.68      
86.50     	89.16     	62.67     	72.39     	5.68      
87.00     	88.21     	62.32     	70.52     	5.68      
87.50     	88.15     	63.00     	70.15     	5.68      
88.00     	88.67     	64.35     	70.75     	5.67      
88.50     	88.39     	65.12     	71.45     	5.65      
89.00     	87.76     	65.64     	72.19     	5.64      
89.50     	86.97     	64.89     	71.77     	5.62      
90.00     	86.12     	63.56     	70.80     	5.60      
90.50     	85.24     	62.30     	70.22     	5.59      
91.00     	84.36     	61.06     	69.78     	5.57      
91.50     	85.11     	61.76     	71.24     	5.56      
92.00     	86.09     	62.72     	72.95     	5.55      
92.50     	87.03     	63.47     	73.89     	5.54      
93.00     	87.90     	64.05     	74.61     	5.53      
93.50     	88.09     	62.90     	73.43     	5.52      
94.00     	88.56     	62.22     	72.85     	5.51      
94.50     	89.79     	62.90     	73.97     	5.51      
95.00     	90.55     	63.37     	74.26     	5.50      
95.50     	90.40     	63.42     	72.89     	5.49      
96.00     	90.12     	63.03     	71.59     	5.48      
96.50     	89.73     	62.19     	70.37     	5.47      
97.00     	89.67     	62.45     	70.18     	5.46      
97.50     	89.81     	63.40     	70.61     	5.45      
98.00     	89.43     	63.86     	70.48     	5.44      
98.50     	88.80     	64.09     	70.11     	5.43      
99.00     	88.53     	63.60     	69.11     	5.42      
99.50     	88.36     	63.01     	68.10     	5.41      
100.00    	89.04     	63.14     	69.29     	5.40      
100.50    	89.63     	63.17     	70.36     	5.39      
101.00    	89.39     	62.49     	70.56     	5.38      
101.50    	89.06     	61.63     	70.61     	5.37      
102.00    	88.17     	59.67     	69.79     	5.36      
102.50    	87.51     	58.11     	69.26     	5.36      
103.00    	87.55     	57.74     	69.63     	5.35      
103.50    	87.51     	57.55     	70.08     	5.34      
104.00    	87.28     	57.69     	70.71     	5.34      
104.50    	86.84     	57.81     	71.05     	5.33      
105.00    	85.99     	57.87     	70.84     	5.33      
105.50    	85.12     	57.59     	70.22     	5.32      
106.00    	84.21     	56.73     	68.93     	5.32      
106.50    	84.45     	57.45     	68.81     	5.31      
107.00    	85.65     	59.51     	69.67     	5.29      
107.50    	86.87     	61.01     	71.13     	5.26      
108.00    	88.11     	62.27     	72.86     	5.22      
108.50    	88.46     	62.82     	72.22     	5.19      
109.00    	88.60     	63.20     	71.01     	5.15      
109.50    	89.09     	63.25     	71.02     	5.12      
110.00    	89.55     	63.52     	71.10     	5.10      
110.50    	89.91     	64.54     	71.41     	5.13      
111.00    	89.96     	64.97     	71.23     	5.16      
111.50    	89.38     	64.22     	70.06     	5.19      
112.00    	88.44     	63.45     	68.92     	5.22      
112.50    	87.02     	62.66     	67.82     	5.25      
113.00    	86.56     	62.27     	67.59     	5.28      
113.50    	86.76     	62.17     	67.95     	5.32      
114.00    	86.70     	62.46     	68.78     	5.35      
114.50    	86.55     	62.88     	69.74     	5.38      
115.00    	86.07     	62.26     	69.62     	5.41      
115.50    	85.54     	61.46     	69.32     	5.44      
116.00    	85.31     	60.08     	68.66     	5.48      
116.50    	85.13     	58.61     	67.96     	5.51      
117.00    	85.34     	57.94     	67.43     	5.54      
117.50    	85.68     	57.80     	67.21     	5.56      
118.00    	86.58     	60.16     	68.47     	5.48      
118.50    	87.24     	62.02     	69.65     	5.39      
119.00    	87.38     	62.80     	70.67     	5.31      
119.50    	87.24     	62.71     	70.86     	5.22      
120.00    	86.78     	61.66     	70.15     	5.14      
120.50    	86.98     	61.90     	70.08     	5.05      
121.00    	87.45     	62.71     	70.29     	5.06      
121.50    	86.99     	62.22     	69.79     	5.11      
122.00    	86.38     	61.52     	69.18     	5.17      
122.50    	85.83     	61.60     	68.67     	5.22      
123.00    	85.31     	61.87     	68.18     	5.28      
123.50    	84.61     	61.18     	67.20     	5.33      
124.00    	83.85     	60.11     	66.03     	5.38      
124.50    	83.98     	60.49     	66.63     	5.44      
125.00    	84.33     	61.23     	67.66     	5.47      
125.50    	85.00     	62.01     	69.39     	5.47      
126.00    	85.70     	62.80     	71.19     	5.47      
126.50    	86.00     	63.46     	72.21     	5.47      
127.00    	86.27     	64.12     	73.17     	5.47      
127.50    	85.68     	62.98     	71.95     	5.47      
128.00    	85.17     	61.90     	70.79     	5.47      
128.50    	85.74     	61.93     	70.79     	5.47      
129.00    	86.28     	62.02     	70.99     	5.42      
129.50    	86.72     	62.38     	71.86     	5.37      
130.00    	86.92     	62.59     	72.37     	5.31      
130.50    	86.48     	62.37     	71.83     	5.26      
131.00    	86.00     	61.91     	70.98     	5.20      
131.50    	85.44     	61.06     	69.61     	5.15      
132.00    	85.56     	60.76     	69.71     	5.10      
132.50    	86.25     	60.93     	71.04     	5.11      
133.00    	86.63     	61.85     	72.06     	5.11      
133.50    	86.84     	63.17     	72.92     	5.11      
134.00    	87.01     	63.43     	72.67     	5.12      
134.50    	87.17     	63.27     	71.97     	5.12      
135.00    	87.39     	63.02     	72.03     	5.13      
135.50    	87.69     	62.87     	72.27     	5.13      
136.00    	89.11     	64.31     	73.26     	5.18      
136.50    	90.46     	65.65     	74.49     	5.22      
137.00    	91.59     	66.67     	76.47     	5.27      
137.50    	92.57     	66.77     	77.61     	5.31      
138.00    	93.27     	65.31     	77.34     	5.36      
138.50    	93.50     	63.77     	76.13     	5.40      
139.00    	93.29     	62.15     	74.04     	5.45      
139.50    	93.77     	61.42     	72.98     	5.46      
140.00    	94.54     	61.05     	72.35     	5.38      
140.50    	94.27     	60.50     	71.91     	5.30      
141.00    	93.74     	59.90     	71.51     	5.22      
141.50    	92.81     	59.19     	70.07     	5.14      
142.00    	91.95     	58.57     	68.75     	5.07      
142.50    	92.75     	59.28     	70.92     	4.99      
143.00    	93.30     	60.13     	72.67     	5.02      
143.50    	92.99     	61.44     	72.98     	5.08      
144.00    	92.60     	62.22     	73.20     	5.13      
144.50    	91.98     	61.52     	73.17     	5.19      
145.00    	91.19     	60.51     	72.90     	5.25      
145.50    	90.06     	58.87     	72.15     	5.30      
146.00    	89.68     	58.25     	72.16     	5.36      
146.50    	90.07     	58.69     	72.97     	5.39      
147.00    	90.12     	59.44     	73.66     	5.41      
147.50    	89.98     	60.37     	74.28     	5.42      
148.00    	90.03     	60.58     	74.34     	5.44      
148.50    	90.17     	60.47     	74.15     	5.46      
149.00    	90.24     	60.10     	73.42     	5.48      
149.50    	90.28     	59.64     	72.53     	5.50      
150.00    	90.14     	59.79     	72.06     	5.52      
150.50    	90.02     	60.07     	71.71     	5.53      
151.00    	90.54     	61.06     	72.18     	5.54      
151.50    	90.95     	62.00     	72.71     	5.54      
152.00    	90.88     	62.72     	73.53     	5.55      
152.50    	90.78     	63.17     	73.89     	5.55      
153.00    	90.64     	62.70     	72.73     	5.55      
153.50    	90.39     	62.07     	71.59     	5.56      
154.00    	89.88     	61.10     	70.47     	5.56      
154.50    	90.00     	61.12     	70.36     	5.57      
155.00    	90.83     	62.25     	71.40     	5.54      
155.50    	91.46     	63.28     	72.38     	5.50      
156.00    	91.94     	64.23     	73.32     	5.46      
156.50    	91.75     	64.31     	73.62     	5.42      
157.00    	91.22     	63.96     	73.61     	5.39      
157.50    	90.45     	62.91     	72.74     	5.35      
158.00    	89.63     	61.69     	71.67     	5.31      
158.50    	89.90     	62.88     	72.68     	5.30      
159.00    	90.14     	64.07     	73.68     	5.30      
159.50    	89.50     	63.85     	73.58     	5.31      
160.00    	88.81     	63.49     	73.27     	5.31      
160.50    	87.77     	62.13     	71.44     	5.31      
161.00    	87.14     	61.36     	70.36     	5.31      
161.50    	87.59     	62.11     	71.17     	5.33      
162.00    	87.89     	62.65     	72.07     	5.36      
162.50    	88.01     	62.97     	73.06     	5.39      
163.00    	87.99     	62.96     	73.57     	5.43      
163.50    	87.84     	62.65     	73.65     	5.46      
164.00    	87.70     	62.33     	73.74     	5.49      
164.50    	87.55     	62.00     	73.85     	5.53      
165.00    	87.23     	61.40     	73.65     	5.56      
165.50    	86.63     	60.39     	72.99     	5.59      
166.00    	86.44     	60.17     	72.77     	5.63      
166.50    	86.73     	60.93     	73.08     	5.63      
167.00    	87.37     	62.62     	74.45     	5.62      
167.50    	88.27     	64.99     	76.60     	5.62      
168.00    	88.86     	66.02     	78.16     	5.61      
168.50    	89.29     	66.41     	79.44     	5.61      
169.00    	89.44     	66.28     	79.25     	5.60      
169.50    	89.44     	65.90     	78.32     	5.59      
170.00    	89.17     	64.72     	77.09     	5.59      
170.50    	88.78     	63.18     	75.73     	5.58      
171.00    	89.29     	62.64     	75.15     	5.56      
171.50    	89.98     	62.32     	74.74     	5.49      
172.00    	90.34     	62.44     	74.89     	5.42      
172.50    	90.66     	62.52     	75.02     	5.35      
173.00    	90.20     	61.40     	73.90     	5.27      
173.50    	90.02     	60.56     	73.00     	5.20      
174.00    	90.92     	60.81     	72.96     	5.13      
174.50    	91.92     	61.40     	73.38     	5.08      
175.00    	93.08     	62.50     	74.50     	5.08      
175.50    	93.62     	62.88     	74.88     	5.08      
176.00    	93.53     	62.54     	74.48     	5.08      
176.50    	93.04     	61.48     	73.74     	5.09      
177.00    	92.31     	59.98     	72.80     	5.09      
177.50    	92.86     	60.51     	72.70     	5.09      
178.00    	93.70     	61.48     	72.79     	5.09      
178.50    	93.68     	62.31     	73.94     	5.09      
179.00    	93.55     	62.93     	74.90     	5.08      
179.50    	92.79     	61.83     	73.65     	5.08      
180.00    	92.68     	61.43     	73.37     	5.08      
180.50    	93.86     	62.46     	75.02     	5.08      
181.00    	94.70     	63.41     	76.06     	5.10      
181.50    	95.28     	64.32     	76.64     	5.13      
182.00    	95.32     	64.61     	77.04     	5.16      
182.50    	95.17     	64.70     	77.39     	5.18      
183.00    	94.70     	63.64     	76.34     	5.21      
183.50    	94.59     	62.87     	75.51     	5.24      
184.00    	95.64     	63.23     	75.61     	5.26      
184.50    	96.21     	63.81     	75.31     	5.23      
185.00    	96.26     	64.59     	74.57     	5.19      
185.50    	95.72     	64.03     	73.86     	5.16      
186.00    	94.95     	62.93     	73.15     	5.13      
186.50    	95.43     	62.41     	72.17     	5.09      
187.00    	95.90     	62.44     	71.75     	5.07      
187.50    	96.36     	63.59     	72.48     	5.08      
188.00    	96.26     	63.56     	72.26     	5.09      
188.50    	95.72     	62.56     	71.28     	5.10      
189.00    	95.10     	61.69     	70.49     	5.11      
189.50    	94.62     	60.98     	70.01     	5.12      
190.00    	95.47     	61.25     	71.51     	5.13      
190.50    	96.08     	61.57     	72.42     	5.18      
191.00    	96.34     	61.98     	72.47     	5.23      
191.50    	96.33     	61.73     	72.41     	5.27      
192.00    	96.15     	61.05     	72.28     	5.32      
192.50    	95.53     	59.77     	71.80     	5.37      
193.00    	94.90     	58.42     	71.25     	5.42      
193.50    	95.45     	57.96     	70.84     	5.46      
194.00    	96.01     	58.08     	71.24     	5.44      
194.50    	96.60     	59.23     	73.06     	5.39      
195.00    	96.78     	59.88     	74.21     	5.33      
195.50    	96.71     	60.21     	74.93     	5.27      
196.00    	96.59     	59.83     	73.57     	5.22      
196.50    	96.73     	59.91     	72.82     	5.16      
197.00    	97.65     	61.59     	74.52     	5.13      
197.50    	98.03     	62.67     	75.06     	5.13      
198.00    	97.92     	63.21     	74.54     	5.12      
198.50    	97.21     	62.97     	74.44     	5.11      
199.00    	96.32     	62.46     	74.47     	5.11      
199.50    	96.30     	61.66     	73.61     	5.10      
200.00    	96.34     	61.03     	73.12     	5.10      
200.50    	96.51     	60.73     	73.39     	5.12      
201.00    	96.26     	60.63     	73.35     	5.14      
201.50    	95.64     	60.69     	73.05     	5.15      
202.00    	94.82     	60.45     	72.46     	5.17      
202.50    	94.03     	60.15     	71.88     	5.18      
203.00    	94.89     	60.64     	73.12     	5.20      
203.50    	95.56     	61.40     	74.33     	5.23      
204.00    	95.87     	62.68     	75.48     	5.26      
204.50    	95.87     	63.10     	75.99     	5.29      
205.00    	95.62     	62.82     	75.99     	5.32      
205.50    	95.13     	61.30     	75.20     	5.34      
206.00    	94.71     	59.64     	74.30     	5.37      
206.50    	95.86     	60.33     	74.73     	5.40      
207.00    	96.79     	61.37     	75.69     	5.38      
207.50    	97.41     	62.90     	77.39     	5.34      
208.00    	97.51     	62.86     	77.21     	5.30      
208.50    	97.36     	62.07     	76.13     	5.26      
209.00    	96.93     	61.12     	76.11     	5.22      
209.50    	96.87     	60.69     	76.25     	5.18      
210.00    	97.62     	61.37     	76.63     	5.15      
210.50    	98.00     	61.99     	77.13     	5.20      
211.00    	98.18     	62.57     	77.69     	5.25      
211.50    	97.85     	62.25     	77.31     	5.29      
212.00    	97.36     	61.75     	76.68     	5.34      
212.50    	96.26     	60.90     	75.23     	5.39      
213.00    	95.81     	60.06     	74.33     	5.43      
213.50    	96.05     	59.25     	74.04     	5.48      
214.00    	96.29     	60.25     	74.31     	5.42      
214.50    	96.47     	61.46     	74.66     	5.36      
215.00    	96.21     	61.27     	74.70     	5.31      
215.50    	95.88     	60.88     	74.36     	5.25      
216.00    	95.47     	60.20     	73.46     	5.19      
216.50    	96.03     	60.59     	74.57     	5.13      
217.00    	96.87     	61.40     	76.16     	5.10      
217.50    	97.53     	62.83     	76.89     	5.17      
218.00    	97.93     	63.47     	77.49     	5.23      
218.50    	98.02     	63.17     	77.92     	5.30      
219.00    	97.78     	62.66     	77.20     	5.36      
219.50    	97.40     	62.03     	76.05     	5.43      
220.00    	96.62     	60.63     	74.34     	5.49      
220.50    	96.29     	60.02     	73.24     	5.55      
221.00    	96.60     	60.51     	72.99     	5.57      
221.50    	96.30     	60.54     	73.18     	5.57      
222.00    	95.81     	60.41     	73.47     	5.57      
222.50    	95.03     	59.57     	72.58     	5.57      
223.00    	94.29     	58.92     	71.80     	5.57      
223.50    	93.80     	59.02     	71.48     	5.58      
224.00    	93.13     	58.70     	70.88     	5.58      
224.50    	92.22     	57.84     	69.94     	5.58      
225.00    	92.20     	58.21     	70.84     	5.58      
225.50    	92.41     	58.96     	72.24     	5.55      
226.00    	92.06     	60.26     	73.12     	5.53      
226.50    	91.65     	61.12     	73.79     	5.51      
227.00    	91.06     	60.98     	73.96     	5.48      
227.50    	90.23     	59.95     	73.00     	5.46      
228.00    	89.23     	58.27     	71.24     	5.43      
228.50    	89.62     	59.18     	71.15     	5.41      
229.00    	89.99     	60.09     	71.55     	5.38      
229.50    	90.13     	60.65     	72.94     	5.35      
230.00    	90.34     	61.39     	73.58     	5.32      
230.50    	90.61     	62.24     	73.69     	5.29      
231.00    	90.49     	61.26     	73.47     	5.26      
231.50    	90.64     	60.57     	73.55     	5.22      
232.00    	91.56     	61.14     	74.48     	5.20      
232.50    	92.10     	61.50     	75.01     	5.20      
233.00    	92.38     	61.72     	75.26     	5.21      
233.50    	91.91     	60.88     	74.52     	5.22      
234.00    	91.35     	60.03     	73.61     	5.23      
234.50    	91.24     	60.55     	73.00     	5.23      
235.00    	91.32     	60.99     	72.97     	5.25      
235.50    	91.64     	61.31     	73.67     	5.30      
236.00    	91.30     	61.57     	73.65     	5.34      
236.50    	90.61     	61.80     	73.26     	5.39      
237.00    	89.83     	61.25     	72.69     	5.44      
237.50    	89.05     	60.55     	72.07     	5.49      
238.00    	88.80     	60.62     	71.33     	5.54      
238.50    	88.92     	61.33     	71.55     	5.58      
239.00    	89.74     	63.22     	73.53     	5.56      
239.50    	90.31     	64.71     	75.16     	5.53      
240.00    	90.73     	65.93     	76.54     	5.50      
240.50    	90.73     	65.17     	76.50     	5.47      
241.00    	90.63     	63.95     	76.01     	5.43      
241.50    	90.42     	62.87     	74.44     	5.40      
242.00    	90.34     	62.20     	73.38     	5.37      
242.50    	90.51     	62.21     	73.17     	5.36      
243.00    	90.27     	62.09     	73.00     	5.35      
243.50    	89.71     	61.85     	72.87     	5.34      
244.00    	88.87     	61.51     	71.79     	5.32      
244.50    	87.89     	61.11     	70.23     	5.31      
245.00    	87.69     	60.78     	70.15     	5.30      
245.50    	87.65     	60.59     	70.37     	5.29      
246.00    	87.90     	61.89     	70.88     	5.33      
246.50    	88.01     	62.84     	71.45     	5.37      
247.00    	87.61     	62.61     	72.16     	5.40      
247.50    	87.20     	62.26     	72.52     	5.44      
248.00    	86.74     	61.66     	72.07     	5.48      
248.50    	86.42     	60.84     	71.81     	5.51      
249.00    	86.27     	59.76     	71.76     	5.55      
249.50    	86.90     	60.25     	72.68     	5.58      
250.00    	87.91     	61.47     	74.07     	5.58      
250.50    	88.54     	62.44     	75.33     	5.58      
251.00    	89.10     	63.37     	76.57     	5.58      
251.50    	89.56     	62.83     	76.55     	5.58      
252.00    	90.02     	62.10     	76.38     	5.58      
252.50    	90.11     	61.19     	76.37     	5.58      
253.00    	90.17     	60.27     	76.35     	5.58      
253.50    	90.37     	59.96     	75.77     	5.58      
254.00    	90.72     	59.85     	75.53     	5.56      
254.50    	91.55     	60.31     	76.21     	5.52      
255.00    	92.10     	61.02     	76.83     	5.47      
255.50    	92.26     	62.08     	77.36     	5.42      
256.00    	91.96     	61.33     	76.71     	5.37      
256.50    	91.28     	59.04     	75.05     	5.32      
257.00    	91.49     	59.03     	74.86     	5.27      
257.50    	92.02     	59.80     	75.17     	5.28      
258.00    	92.27     	60.48     	76.64     	5.31      
258.50    	92.50     	61.15     	78.19     	5.34      
259.00    	91.53     	61.02     	76.97     	5.37      
259.50    	90.55     	60.88     	75.74     	5.41      
260.00    	89.33     	59.26     	74.67     	5.44      
260.50    	88.17     	57.67     	73.71     	5.47      
261.00    	88.40     	58.63     	74.68     	5.50      
261.50    	88.67     	59.60     	75.54     	5.51      
262.00    	89.12     	60.63     	75.81     	5.52      
262.50    	89.49     	61.62     	76.05     	5.53      
263.00    	89.44     	62.37     	76.14     	5.54      
263.50    	89.39     	62.99     	76.21     	5.55      
264.00    	89.35     	62.55     	76.12     	5.55      
264.50    	89.27     	62.11     	75.92     	5.56      
265.00    	88.75     	61.59     	74.66     	5.57      
265.50    	88.52     	61.38     	73.87     	5.58      
266.00    	89.40     	62.34     	74.80     	5.59      
266.50    	90.09     	63.38     	75.76     	5.59      
267.00    	90.35     	64.61     	76.79     	5.60      
267.50    	90.44     	65.37     	77.28     	5.61      
268.00    	90.14     	64.96     	76.41     	5.61      
268.50    	89.79     	64.31     	75.31     	5.62      
269.00    	89.36     	63.00     	73.60     	5.63      
269.50    	89.39     	62.47     	72.76     	5.64      
270.00    	90.17     	63.21     	73.37     	5.63      
270.50    	91.04     	64.22     	74.31     	5.58      
271.00    	91.97     	65.48     	75.58     	5.52      
271.50    	92.60     	66.29     	76.28     	5.47      
272.00    	92.99     	66.77     	76.55     	5.42      
272.50    	92.88     	65.95     	75.85     	5.36      
273.00    	92.50     	64.45     	74.66     	5.31      
273.50    	92.94     	64.19     	74.43     	5.25      
274.00    	93.57     	64.22     	74.20     	5.26      
274.50    	93.22     	63.54     	73.97     	5.27      
275.00    	92.75     	62.77     	73.74     	5.28      
275.50    	91.79     	60.98     	73.08     	5.29      
276.00    	90.78     	59.07     	72.32     	5.30      
276.50    	90.44     	58.32     	72.33     	5.30      
277.00    	90.14     	57.74     	72.47     	5.32      
277.50    	90.06     	58.44     	73.53     	5.34      
278.00    	89.92     	59.08     	74.49     	5.36      
278.50    	88.94     	58.84     	73.69     	5.38      
279.00    	87.97     	58.59     	72.89     	5.40      
279.50    	87.11     	58.00     	72.18     	5.42      
280.00    	86.32     	57.49     	71.59     	5.45      
280.50    	86.51     	58.21     	72.43     	5.46      
281.00    	86.79     	59.19     	73.41     	5.47      
281.50    	87.40     	61.15     	74.87     	5.47      
282.00    	87.86     	62.61     	75.88     	5.47      
282.50    	87.90     	62.60     	75.56     	5.47      
283.00    	88.02     	62.62     	75.28     	5.47      
283.50    	88.52     	62.72     	75.14     	5.47      
284.00    	88.91     	62.57     	74.81     	5.47      
284.50    	89.05     	61.71     	73.98     	5.47      
285.00    	89.52     	61.51     	73.79     	5.46      
285.50    	90.46     	62.24     	74.51     	5.43      
286.00    	90.90     	62.49     	74.54     	5.39      
286.50    	90.60     	62.03     	73.58     	5.35      
287.00    	90.22     	61.31     	72.34     	5.32      
287.50    	89.55     	59.71     	70.16     	5.28      
288.00    	89.15     	58.77     	68.82     	5.24      
288.50    	89.57     	59.86     	70.07     	5.20      
289.00    	89.89     	60.96     	71.09     	5.18      
289.50    	89.93     	62.08     	71.53     	5.16      
290.00    	89.78     	62.62     	71.61     	5.14      
290.50    	88.98     	61.21     	70.51     	5.13      
291.00    	88.62     	60.35     	69.93     	5.11      
291.50    	89.19     	60.69     	70.49     	5.09      
292.00    	89.56     	61.07     	71.53     	5.11      
292.50    	89.61     	61.48     	73.34     	5.14      
293.00    	89.67     	61.86     	74.67     	5.17      
293.50    	89.73     	62.13     	74.23     	5.20      
294.00    	89.68     	62.11     	73.80     	5.24      
294.50    	89.11     	60.74     	73.45     	5.27      
295.00    	88.69     	60.07     	73.23     	5.29      
295.50    	88.82     	61.95     	73.46     	5.23      
296.00    	88.91     	63.65     	73.66     	5.17      
296.50    	88.40     	63.11     	73.38     	5.11      
297.00    	87.87     	62.59     	73.04     	5.04      
297.50    	87.14     	62.41     	71.72     	4.98      
298.00    	86.61     	62.50     	70.83     	4.92      
298.50    	87.33     	64.19     	72.52     	4.95      
299.00    	88.00     	65.75     	74.02     	4.97      
299.50    	88.28     	66.14     	73.87     	5.00      
300.00    	88.53     	66.34     	73.61     	5.02      
300.50    	88.53     	65.20     	72.66     	5.05      
301.00    	88.94     	64.79     	72.31     	5.07      
301.50    	90.44     	66.31     	73.53     	5.08      
302.00    	91.49     	67.27     	74.34     	5.08      
302.50    	91.64     	67.10     	74.31     	5.08      
