Time      	MABP      	CBFV-L    	CBFV-R    	etCO2     
0.00      	121.61    	49.66     	43.24     	4.71      
0.50      	122.94    	50.58     	44.06     	4.61      
1.00      	123.12    	50.73     	44.38     	4.54      
1.50      	120.17    	48.97     	43.20     	4.50      
2.00      	116.68    	46.90     	41.38     	4.49      
2.50      	116.08    	46.59     	40.73     	4.49      
3.00      	118.31    	47.79     	41.67     	4.50      
3.50      	121.15    	49.41     	43.32     	4.53      
4.00      	122.47    	50.25     	44.31     	4.57      
4.50      	122.05    	50.20     	44.40     	4.61      
5.00      	120.70    	49.23     	43.79     	4.65      
5.50      	118.81    	47.84     	42.69     	4.68      
6.00      	118.57    	47.61     	42.37     	4.71      
6.50      	119.79    	48.36     	43.12     	4.72      
7.00      	121.04    	48.79     	43.85     	4.72      
7.50      	121.50    	48.49     	43.73     	4.70      
8.00      	121.74    	48.36     	43.22     	4.67      
8.50      	120.78    	48.43     	42.45     	4.64      
9.00      	119.76    	48.69     	42.48     	4.60      
9.50      	117.67    	47.77     	42.47     	4.56      
10.00     	117.10    	47.34     	42.66     	4.53      
10.50     	118.31    	48.06     	42.80     	4.52      
11.00     	120.32    	49.00     	42.90     	4.52      
11.50     	120.45    	48.31     	42.34     	4.53      
12.00     	119.97    	47.52     	42.41     	4.55      
12.50     	117.83    	46.70     	42.30     	4.58      
13.00     	116.69    	46.91     	42.21     	4.61      
13.50     	116.96    	47.01     	41.74     	4.64      
14.00     	117.83    	46.76     	41.47     	4.66      
14.50     	118.17    	46.58     	41.46     	4.68      
15.00     	119.29    	47.42     	42.22     	4.68      
15.50     	119.34    	47.51     	42.32     	4.68      
16.00     	118.59    	47.31     	41.83     	4.68      
16.50     	117.16    	47.02     	40.89     	4.67      
17.00     	115.80    	46.93     	40.29     	4.67      
17.50     	116.45    	47.38     	40.57     	4.66      
18.00     	118.92    	48.24     	41.27     	4.66      
18.50     	120.41    	48.45     	41.21     	4.66      
19.00     	120.44    	48.40     	41.02     	4.66      
19.50     	119.28    	47.99     	41.13     	4.67      
20.00     	117.90    	47.42     	41.39     	4.68      
20.50     	118.66    	47.67     	41.78     	4.68      
21.00     	120.64    	48.40     	41.81     	4.69      
21.50     	122.09    	48.72     	41.70     	4.69      
22.00     	122.92    	48.72     	41.96     	4.70      
22.50     	123.24    	48.45     	41.98     	4.70      
23.00     	122.39    	47.93     	41.62     	4.70      
23.50     	121.35    	47.73     	41.47     	4.70      
24.00     	119.80    	47.26     	40.94     	4.70      
24.50     	119.68    	47.13     	40.57     	4.70      
25.00     	120.69    	47.59     	40.86     	4.71      
25.50     	121.66    	48.08     	41.58     	4.72      
26.00     	120.75    	47.39     	41.33     	4.73      
26.50     	119.44    	46.63     	40.84     	4.75      
27.00     	116.71    	45.78     	40.26     	4.77      
27.50     	115.34    	46.11     	40.76     	4.78      
28.00     	115.38    	46.50     	41.30     	4.79      
28.50     	116.29    	46.58     	41.29     	4.81      
29.00     	116.78    	46.51     	40.64     	4.81      
29.50     	118.10    	47.48     	40.93     	4.81      
30.00     	118.13    	47.63     	41.34     	4.81      
30.50     	117.37    	47.26     	41.77     	4.80      
31.00     	115.58    	46.38     	41.46     	4.78      
31.50     	114.56    	46.24     	40.91     	4.76      
32.00     	115.26    	46.83     	40.58     	4.72      
32.50     	117.19    	47.72     	41.25     	4.68      
33.00     	118.16    	47.99     	42.40     	4.64      
33.50     	118.68    	48.23     	43.62     	4.59      
34.00     	117.93    	47.80     	43.55     	4.54      
34.50     	116.90    	47.56     	43.20     	4.50      
35.00     	116.73    	47.65     	43.34     	4.47      
35.50     	117.07    	47.62     	43.44     	4.45      
36.00     	118.17    	47.75     	43.40     	4.46      
36.50     	120.48    	48.84     	44.12     	4.49      
37.00     	122.58    	50.04     	45.27     	4.54      
37.50     	122.96    	50.50     	45.90     	4.60      
38.00     	122.17    	50.22     	45.67     	4.67      
38.50     	120.20    	49.12     	44.48     	4.73      
39.00     	120.18    	48.66     	43.98     	4.79      
39.50     	121.47    	48.59     	44.06     	4.84      
40.00     	122.84    	48.73     	44.58     	4.86      
40.50     	123.04    	48.52     	44.95     	4.86      
41.00     	122.91    	48.60     	44.98     	4.84      
41.50     	120.95    	48.53     	44.19     	4.82      
42.00     	119.73    	49.14     	44.38     	4.78      
42.50     	118.26    	48.65     	44.34     	4.75      
43.00     	117.99    	47.90     	44.09     	4.73      
43.50     	119.65    	48.02     	44.06     	4.71      
44.00     	122.27    	49.07     	44.51     	4.72      
44.50     	122.51    	49.15     	44.20     	4.73      
45.00     	121.64    	48.97     	44.22     	4.75      
45.50     	119.40    	48.28     	44.24     	4.78      
46.00     	117.95    	48.23     	44.23     	4.80      
46.50     	118.21    	48.44     	43.75     	4.82      
47.00     	119.72    	48.59     	43.45     	4.83      
47.50     	121.12    	48.73     	43.66     	4.82      
48.00     	122.64    	49.65     	44.82     	4.79      
48.50     	122.01    	49.94     	45.37     	4.75      
49.00     	120.01    	49.72     	45.21     	4.71      
49.50     	117.41    	48.56     	44.11     	4.66      
50.00     	116.33    	47.63     	43.49     	4.63      
50.50     	118.08    	48.02     	44.35     	4.60      
51.00     	121.00    	49.26     	45.70     	4.58      
51.50     	122.21    	49.51     	45.85     	4.58      
52.00     	122.95    	49.37     	45.72     	4.59      
52.50     	122.37    	48.71     	45.06     	4.61      
53.00     	121.17    	48.35     	44.57     	4.63      
53.50     	119.44    	47.70     	43.88     	4.66      
54.00     	118.65    	47.08     	43.35     	4.67      
54.50     	119.73    	47.10     	43.37     	4.68      
55.00     	121.98    	48.06     	43.92     	4.68      
55.50     	122.48    	48.20     	43.77     	4.67      
56.00     	122.13    	47.73     	43.43     	4.65      
56.50     	120.78    	46.70     	42.84     	4.62      
57.00     	119.28    	46.12     	42.52     	4.60      
57.50     	116.90    	45.22     	41.59     	4.57      
58.00     	114.61    	44.18     	40.22     	4.54      
58.50     	114.34    	43.91     	39.53     	4.52      
59.00     	116.03    	44.88     	40.15     	4.50      
59.50     	117.50    	45.80     	40.77     	4.49      
60.00     	117.42    	45.79     	40.30     	4.49      
60.50     	116.31    	45.02     	39.54     	4.49      
61.00     	114.19    	44.03     	39.12     	4.50      
61.50     	113.27    	43.95     	39.10     	4.51      
62.00     	112.85    	43.77     	38.49     	4.53      
62.50     	113.37    	43.75     	38.33     	4.56      
63.00     	114.52    	44.27     	39.22     	4.59      
63.50     	116.44    	45.49     	40.52     	4.62      
64.00     	116.68    	45.77     	40.28     	4.66      
64.50     	116.39    	45.84     	39.92     	4.69      
65.00     	114.75    	45.03     	39.56     	4.72      
65.50     	114.37    	44.60     	39.85     	4.74      
66.00     	115.42    	44.91     	40.09     	4.75      
66.50     	117.36    	46.23     	40.30     	4.74      
67.00     	118.01    	46.74     	39.87     	4.73      
67.50     	118.53    	46.81     	39.68     	4.70      
68.00     	118.27    	46.37     	39.62     	4.66      
68.50     	117.63    	46.31     	40.01     	4.62      
69.00     	117.01    	46.24     	40.25     	4.59      
69.50     	115.92    	45.47     	39.53     	4.56      
70.00     	115.60    	44.77     	38.81     	4.55      
70.50     	116.39    	45.14     	39.40     	4.54      
71.00     	118.20    	46.53     	41.08     	4.56      
71.50     	117.73    	46.53     	41.38     	4.58      
72.00     	117.36    	46.44     	41.59     	4.62      
72.50     	115.51    	45.65     	41.45     	4.66      
73.00     	114.35    	45.84     	41.87     	4.71      
73.50     	114.02    	46.03     	41.95     	4.76      
74.00     	113.20    	45.20     	41.22     	4.81      
74.50     	113.73    	45.06     	40.89     	4.85      
75.00     	116.39    	46.85     	41.80     	4.90      
75.50     	119.75    	49.06     	43.49     	4.93      
76.00     	120.38    	49.04     	44.05     	4.96      
76.50     	120.17    	48.42     	44.17     	4.98      
77.00     	118.04    	47.26     	43.31     	5.00      
77.50     	117.45    	47.41     	43.34     	5.00      
78.00     	118.31    	47.83     	43.81     	5.00      
78.50     	119.80    	48.03     	44.19     	4.98      
79.00     	120.40    	47.77     	43.91     	4.95      
79.50     	121.00    	48.40     	44.04     	4.91      
80.00     	120.34    	48.88     	44.08     	4.87      
80.50     	118.30    	48.77     	43.82     	4.83      
81.00     	117.17    	48.68     	43.89     	4.79      
81.50     	116.22    	48.11     	43.69     	4.76      
82.00     	116.54    	47.95     	43.83     	4.74      
82.50     	118.23    	48.72     	44.60     	4.74      
83.00     	120.18    	49.76     	45.41     	4.74      
83.50     	119.72    	49.57     	45.24     	4.76      
84.00     	118.56    	49.10     	45.28     	4.77      
84.50     	116.35    	47.99     	44.73     	4.79      
85.00     	115.95    	47.62     	44.17     	4.81      
85.50     	117.44    	47.91     	44.00     	4.81      
86.00     	119.85    	48.73     	44.82     	4.80      
86.50     	120.26    	48.62     	45.21     	4.78      
87.00     	119.71    	48.38     	45.20     	4.75      
87.50     	117.62    	47.69     	44.34     	4.72      
88.00     	116.50    	47.38     	44.02     	4.69      
88.50     	116.70    	46.84     	44.07     	4.67      
89.00     	117.76    	46.64     	44.06     	4.66      
89.50     	118.95    	47.14     	43.54     	4.66      
90.00     	120.93    	48.48     	43.54     	4.68      
90.50     	121.83    	48.81     	43.55     	4.71      
91.00     	121.31    	48.28     	43.35     	4.75      
91.50     	119.28    	47.35     	42.61     	4.79      
92.00     	117.69    	47.19     	42.21     	4.83      
92.50     	117.83    	47.84     	42.25     	4.85      
93.00     	119.04    	48.59     	42.23     	4.87      
93.50     	119.89    	48.23     	41.78     	4.86      
94.00     	120.28    	47.53     	41.51     	4.84      
94.50     	119.58    	47.17     	41.23     	4.81      
95.00     	118.00    	47.35     	41.52     	4.78      
95.50     	117.39    	47.70     	42.50     	4.74      
96.00     	116.95    	47.14     	42.24     	4.70      
96.50     	117.18    	46.49     	40.92     	4.68      
97.00     	118.01    	46.56     	39.97     	4.66      
97.50     	119.38    	47.37     	40.19     	4.66      
98.00     	118.87    	47.33     	40.19     	4.67      
98.50     	117.82    	46.97     	39.93     	4.69      
99.00     	114.96    	45.73     	38.71     	4.72      
99.50     	113.51    	45.59     	38.58     	4.74      
100.00    	113.61    	45.70     	39.03     	4.77      
100.50    	114.43    	45.85     	39.59     	4.79      
101.00    	114.39    	45.94     	40.08     	4.81      
101.50    	114.62    	46.82     	41.03     	4.82      
102.00    	114.76    	47.25     	41.55     	4.83      
102.50    	114.24    	47.07     	41.48     	4.83      
103.00    	112.90    	46.84     	41.10     	4.83      
103.50    	110.94    	46.87     	40.75     	4.83      
104.00    	111.03    	47.58     	41.08     	4.83      
104.50    	112.82    	48.05     	41.47     	4.83      
105.00    	115.54    	48.40     	42.08     	4.84      
105.50    	116.52    	48.48     	42.06     	4.84      
106.00    	116.23    	48.87     	41.80     	4.86      
106.50    	114.73    	48.31     	41.16     	4.87      
107.00    	114.84    	47.94     	41.42     	4.89      
107.50    	113.70    	46.94     	41.17     	4.91      
108.00    	112.03    	46.85     	41.13     	4.93      
108.50    	111.32    	47.22     	41.31     	4.95      
109.00    	111.42    	47.46     	41.56     	4.97      
109.50    	112.01    	47.89     	42.03     	4.99      
110.00    	112.51    	48.25     	42.30     	5.00      
110.50    	113.01    	48.61     	42.56     	5.02      
111.00    	113.51    	48.96     	42.83     	5.03      
111.50    	114.00    	49.32     	43.09     	5.03      
112.00    	114.50    	49.68     	43.36     	5.03      
112.50    	115.00    	50.04     	43.63     	5.02      
113.00    	115.50    	50.39     	43.89     	5.00      
113.50    	116.00    	50.75     	44.16     	4.98      
114.00    	117.17    	51.46     	44.70     	4.95      
114.50    	118.55    	52.56     	45.49     	4.91      
115.00    	118.02    	52.43     	45.05     	4.88      
115.50    	117.76    	52.07     	44.70     	4.85      
116.00    	117.89    	51.72     	44.65     	4.82      
116.50    	119.08    	51.56     	44.76     	4.81      
117.00    	121.08    	51.33     	44.90     	4.81      
117.50    	122.89    	51.30     	45.08     	4.81      
118.00    	121.86    	50.88     	44.68     	4.83      
118.50    	120.04    	50.69     	44.69     	4.84      
119.00    	116.95    	49.42     	43.66     	4.86      
119.50    	115.25    	48.33     	42.38     	4.87      
120.00    	115.88    	48.17     	42.10     	4.87      
120.50    	117.68    	49.01     	43.04     	4.87      
121.00    	117.22    	48.81     	42.91     	4.85      
121.50    	115.81    	47.87     	42.04     	4.82      
122.00    	113.05    	46.16     	41.06     	4.79      
122.50    	110.87    	45.59     	41.27     	4.77      
123.00    	109.52    	45.75     	41.23     	4.74      
123.50    	109.31    	46.09     	40.53     	4.72      
124.00    	110.14    	46.61     	40.32     	4.71      
124.50    	112.02    	48.06     	41.44     	4.70      
125.00    	112.99    	48.60     	41.82     	4.71      
125.50    	113.68    	48.12     	41.23     	4.72      
126.00    	112.84    	46.85     	40.28     	4.73      
126.50    	110.61    	46.36     	40.13     	4.74      
127.00    	110.45    	46.98     	40.59     	4.75      
127.50    	113.33    	47.97     	40.94     	4.76      
128.00    	114.84    	48.12     	40.69     	4.76      
128.50    	114.73    	48.20     	40.99     	4.75      
129.00    	114.55    	48.00     	41.32     	4.74      
129.50    	114.52    	47.44     	40.87     	4.73      
130.00    	112.94    	46.13     	39.50     	4.72      
130.50    	111.05    	45.63     	39.23     	4.70      
131.00    	111.11    	46.39     	40.53     	4.69      
131.50    	112.00    	46.64     	41.05     	4.67      
132.00    	113.50    	46.39     	40.76     	4.67      
132.50    	114.88    	46.61     	41.17     	4.66      
133.00    	116.51    	47.79     	42.59     	4.65      
133.50    	115.48    	47.23     	42.28     	4.65      
134.00    	114.30    	46.20     	41.46     	4.65      
134.50    	112.11    	44.61     	40.22     	4.65      
135.00    	110.76    	43.83     	39.59     	4.65      
135.50    	111.66    	43.90     	39.57     	4.64      
136.00    	113.97    	44.31     	39.82     	4.64      
136.50    	115.60    	44.13     	39.73     	4.63      
137.00    	116.25    	43.65     	39.52     	4.62      
137.50    	116.67    	43.53     	39.48     	4.62      
138.00    	114.61    	42.98     	38.95     	4.61      
138.50    	113.38    	43.41     	39.39     	4.61      
139.00    	112.28    	43.38     	39.06     	4.61      
139.50    	112.10    	43.13     	38.35     	4.62      
140.00    	112.69    	42.88     	38.37     	4.63      
140.50    	114.99    	44.01     	40.01     	4.65      
141.00    	115.83    	44.79     	40.81     	4.68      
141.50    	115.10    	45.05     	40.35     	4.71      
142.00    	113.39    	44.63     	39.35     	4.74      
142.50    	110.69    	43.74     	38.65     	4.77      
143.00    	110.35    	44.00     	39.12     	4.79      
143.50    	111.95    	44.77     	39.63     	4.81      
144.00    	113.96    	45.09     	40.11     	4.83      
144.50    	114.98    	44.73     	40.58     	4.83      
145.00    	116.31    	45.14     	41.07     	4.84      
145.50    	116.13    	45.38     	40.40     	4.83      
146.00    	115.90    	45.61     	40.00     	4.83      
146.50    	113.96    	44.60     	39.55     	4.83      
147.00    	112.69    	44.44     	40.08     	4.82      
147.50    	112.40    	44.84     	40.50     	4.82      
148.00    	112.75    	44.91     	40.01     	4.83      
148.50    	113.89    	44.80     	39.13     	4.84      
149.00    	116.44    	45.92     	39.63     	4.85      
149.50    	118.32    	46.97     	40.59     	4.86      
150.00    	118.19    	46.78     	40.50     	4.88      
150.50    	117.26    	45.89     	39.91     	4.89      
151.00    	115.55    	44.83     	39.38     	4.90      
151.50    	115.75    	44.89     	39.79     	4.91      
152.00    	116.97    	45.25     	40.06     	4.91      
152.50    	118.59    	45.53     	40.00     	4.90      
153.00    	119.19    	45.22     	39.63     	4.88      
153.50    	119.71    	45.32     	40.03     	4.87      
154.00    	118.00    	45.01     	39.85     	4.85      
154.50    	116.59    	45.39     	39.55     	4.83      
155.00    	115.33    	45.41     	38.95     	4.82      
155.50    	115.07    	45.10     	38.63     	4.82      
156.00    	115.95    	44.51     	38.44     	4.83      
156.50    	118.04    	44.75     	38.73     	4.85      
157.00    	118.40    	44.86     	38.59     	4.89      
157.50    	117.07    	44.79     	38.36     	4.93      
158.00    	114.80    	44.40     	38.17     	4.97      
158.50    	111.44    	43.65     	37.62     	5.01      
159.00    	110.26    	43.87     	37.65     	5.04      
159.50    	111.08    	44.76     	37.96     	5.05      
160.00    	112.52    	45.79     	38.58     	5.04      
160.50    	112.26    	45.85     	38.78     	5.00      
161.00    	112.12    	46.09     	38.94     	4.95      
161.50    	110.75    	45.66     	38.38     	4.90      
162.00    	110.04    	46.02     	38.77     	4.84      
162.50    	109.27    	46.18     	39.09     	4.78      
163.00    	108.79    	46.04     	38.92     	4.74      
163.50    	109.40    	46.31     	38.94     	4.71      
164.00    	111.64    	47.99     	40.11     	4.71      
164.50    	113.62    	49.22     	40.96     	4.73      
165.00    	113.99    	49.15     	40.76     	4.76      
165.50    	112.81    	48.52     	40.36     	4.80      
166.00    	110.02    	47.81     	39.94     	4.84      
166.50    	109.68    	48.20     	40.62     	4.87      
167.00    	111.20    	48.52     	41.33     	4.90      
167.50    	112.86    	49.05     	41.63     	4.90      
168.00    	112.92    	49.69     	41.66     	4.89      
168.50    	113.66    	50.73     	42.64     	4.87      
169.00    	113.56    	50.22     	43.01     	4.83      
169.50    	113.75    	49.85     	43.39     	4.79      
170.00    	114.26    	49.60     	43.23     	4.75      
170.50    	115.11    	49.31     	42.39     	4.71      
171.00    	115.61    	48.95     	41.29     	4.69      
171.50    	116.65    	49.38     	41.44     	4.68      
172.00    	116.65    	49.11     	41.75     	4.69      
172.50    	115.50    	48.37     	41.31     	4.70      
173.00    	114.74    	48.03     	40.72     	4.72      
173.50    	113.43    	47.21     	40.17     	4.75      
174.00    	113.36    	46.86     	40.45     	4.77      
174.50    	114.59    	47.41     	41.14     	4.79      
175.00    	116.13    	48.23     	41.44     	4.80      
175.50    	116.36    	47.84     	40.69     	4.80      
176.00    	117.10    	47.21     	40.44     	4.79      
176.50    	115.98    	46.02     	40.00     	4.78      
177.00    	114.07    	45.99     	40.05     	4.76      
177.50    	112.80    	46.45     	40.14     	4.73      
178.00    	114.33    	46.95     	40.31     	4.70      
178.50    	116.48    	46.98     	40.18     	4.67      
179.00    	117.41    	47.50     	40.53     	4.62      
179.50    	114.69    	47.22     	40.43     	4.58      
180.00    	111.91    	47.13     	40.48     	4.53      
180.50    	111.86    	47.61     	40.88     	4.49      
181.00    	112.87    	47.72     	41.15     	4.45      
181.50    	113.07    	46.67     	40.72     	4.41      
182.00    	113.78    	46.27     	40.75     	4.37      
182.50    	115.14    	46.71     	41.32     	4.34      
183.00    	114.81    	46.49     	41.29     	4.32      
183.50    	114.37    	46.29     	41.30     	4.30      
184.00    	112.38    	44.85     	40.25     	4.30      
184.50    	111.94    	43.69     	39.34     	4.30      
185.00    	112.80    	43.05     	38.59     	4.32      
185.50    	113.96    	43.39     	38.65     	4.35      
186.00    	113.12    	42.95     	38.20     	4.39      
186.50    	112.06    	42.42     	37.81     	4.44      
187.00    	111.45    	42.19     	37.65     	4.50      
187.50    	110.17    	42.09     	37.30     	4.56      
188.00    	110.36    	43.13     	37.94     	4.62      
188.50    	110.50    	43.82     	38.49     	4.67      
189.00    	110.79    	44.10     	38.72     	4.71      
189.50    	110.71    	43.94     	38.47     	4.74      
190.00    	112.15    	44.73     	39.15     	4.77      
190.50    	112.73    	44.90     	39.39     	4.78      
191.00    	112.79    	45.05     	39.16     	4.78      
191.50    	111.81    	44.96     	38.39     	4.78      
192.00    	111.02    	44.86     	37.99     	4.78      
192.50    	112.37    	45.08     	38.52     	4.78      
193.00    	115.26    	45.87     	39.67     	4.77      
193.50    	117.06    	46.42     	40.20     	4.77      
194.00    	117.24    	46.42     	39.92     	4.76      
194.50    	116.66    	45.97     	39.45     	4.76      
195.00    	114.78    	45.18     	39.00     	4.76      
195.50    	114.21    	45.48     	39.27     	4.76      
196.00    	113.85    	45.63     	38.97     	4.76      
196.50    	114.38    	45.88     	38.98     	4.76      
197.00    	115.74    	46.51     	39.99     	4.75      
197.50    	118.34    	48.17     	42.04     	4.75      
198.00    	118.94    	48.71     	42.22     	4.75      
198.50    	118.93    	48.53     	41.13     	4.74      
199.00    	118.60    	47.93     	40.40     	4.74      
199.50    	119.01    	48.49     	41.36     	4.73      
200.00    	118.57    	48.86     	41.76     	4.72      
200.50    	117.58    	48.31     	40.76     	4.71      
201.00    	119.07    	48.18     	40.52     	4.70      
201.50    	122.26    	48.97     	41.66     	4.69      
202.00    	124.48    	49.60     	42.69     	4.67      
202.50    	124.75    	49.08     	42.57     	4.66      
203.00    	124.16    	48.21     	41.66     	4.64      
203.50    	121.86    	47.19     	40.30     	4.63      
204.00    	121.44    	47.37     	40.37     	4.61      
204.50    	122.11    	47.46     	40.84     	4.59      
205.00    	122.87    	47.42     	41.19     	4.57      
205.50    	121.58    	46.90     	41.02     	4.54      
206.00    	119.92    	46.85     	40.99     	4.52      
206.50    	118.62    	46.64     	40.53     	4.49      
207.00    	119.93    	47.17     	41.10     	4.46      
207.50    	119.02    	46.72     	41.91     	4.44      
208.00    	114.78    	46.24     	42.82     	4.41      
208.50    	111.94    	47.51     	43.54     	4.39      
209.00    	112.48    	49.39     	43.75     	4.37      
209.50    	115.12    	49.81     	43.65     	4.34      
210.00    	118.13    	48.93     	42.99     	4.33      
210.50    	120.23    	48.16     	42.40     	4.31      
211.00    	119.16    	47.41     	42.30     	4.30      
211.50    	117.42    	47.14     	42.76     	4.29      
212.00    	113.82    	45.70     	41.57     	4.28      
212.50    	110.67    	44.67     	40.45     	4.28      
213.00    	109.31    	44.76     	40.22     	4.29      
213.50    	110.53    	46.03     	40.89     	4.30      
214.00    	112.08    	46.29     	41.50     	4.31      
214.50    	111.64    	46.15     	42.97     	4.33      
215.00    	106.67    	45.65     	43.90     	4.35      
215.50    	101.88    	45.82     	43.91     	4.36      
216.00    	100.20    	45.85     	42.73     	4.38      
216.50    	99.27     	45.20     	41.24     	4.39      
217.00    	98.86     	45.12     	41.37     	4.40      
217.50    	100.61    	46.38     	43.34     	4.40      
218.00    	103.30    	47.46     	44.72     	4.40      
218.50    	104.09    	46.93     	43.93     	4.40      
219.00    	102.87    	46.01     	42.48     	4.39      
219.50    	102.91    	47.09     	42.85     	4.37      
220.00    	103.40    	48.18     	43.29     	4.36      
220.50    	104.03    	48.27     	43.17     	4.34      
221.00    	104.60    	47.40     	42.53     	4.31      
221.50    	104.82    	46.86     	41.95     	4.29      
222.00    	104.14    	46.77     	41.29     	4.27      
222.50    	101.95    	46.18     	40.08     	4.24      
223.00    	100.51    	45.61     	39.55     	4.22      
223.50    	98.60     	44.23     	38.93     	4.19      
224.00    	97.97     	43.72     	38.69     	4.16      
224.50    	96.77     	42.82     	37.30     	4.14      
225.00    	95.92     	42.21     	36.19     	4.12      
225.50    	94.94     	41.51     	35.54     	4.10      
226.00    	94.25     	41.05     	35.41     	4.08      
226.50    	94.35     	40.46     	35.45     	4.06      
227.00    	93.89     	39.29     	34.73     	4.04      
227.50    	94.12     	38.86     	34.04     	4.03      
228.00    	93.65     	38.29     	32.85     	4.02      
228.50    	94.08     	38.46     	32.58     	4.01      
229.00    	94.01     	38.06     	32.42     	4.00      
229.50    	94.23     	37.79     	32.55     	4.00      
230.00    	94.55     	37.48     	32.53     	3.99      
230.50    	94.52     	37.20     	32.45     	3.99      
231.00    	95.03     	37.29     	32.44     	4.00      
231.50    	94.69     	37.06     	31.79     	4.00      
232.00    	95.25     	37.77     	31.82     	4.01      
232.50    	94.96     	37.97     	31.65     	4.02      
233.00    	95.10     	38.46     	32.09     	4.04      
233.50    	95.17     	38.49     	32.33     	4.06      
234.00    	95.04     	38.08     	31.91     	4.08      
234.50    	95.34     	37.88     	31.57     	4.11      
235.00    	96.56     	38.78     	32.44     	4.14      
235.50    	98.44     	40.45     	34.14     	4.17      
236.00    	98.67     	40.94     	34.28     	4.21      
236.50    	99.32     	41.34     	34.08     	4.25      
237.00    	98.98     	41.45     	34.24     	4.30      
237.50    	99.01     	42.76     	35.81     	4.35      
238.00    	98.38     	43.25     	36.29     	4.40      
238.50    	97.32     	42.36     	34.98     	4.46      
239.00    	98.05     	42.22     	34.55     	4.52      
239.50    	101.26    	44.58     	36.72     	4.59      
240.00    	103.96    	46.96     	38.91     	4.66      
240.50    	104.65    	47.45     	39.00     	4.73      
241.00    	104.56    	47.11     	38.08     	4.79      
241.50    	103.34    	46.89     	37.98     	4.85      
242.00    	102.83    	47.55     	39.34     	4.90      
242.50    	102.03    	47.14     	39.40     	4.95      
243.00    	101.99    	46.62     	38.97     	4.98      
243.50    	103.36    	47.51     	39.99     	5.01      
244.00    	105.91    	49.69     	41.91     	5.02      
244.50    	106.41    	50.31     	41.79     	5.03      
245.00    	105.73    	49.91     	40.86     	5.02      
245.50    	103.61    	48.69     	40.00     	5.01      
246.00    	102.53    	48.70     	40.18     	5.00      
246.50    	102.89    	49.45     	40.67     	4.98      
247.00    	103.86    	49.89     	40.94     	4.96      
247.50    	104.59    	49.99     	41.20     	4.93      
248.00    	106.04    	51.32     	42.56     	4.91      
248.50    	106.49    	52.13     	43.39     	4.89      
249.00    	105.72    	51.95     	43.30     	4.87      
249.50    	103.69    	50.69     	42.38     	4.84      
250.00    	101.94    	49.70     	41.71     	4.82      
250.50    	102.73    	50.00     	42.26     	4.80      
251.00    	104.75    	50.77     	42.97     	4.79      
251.50    	105.89    	51.20     	42.81     	4.77      
252.00    	106.18    	51.59     	42.65     	4.76      
252.50    	106.33    	51.75     	43.17     	4.75      
253.00    	105.38    	51.14     	43.67     	4.74      
253.50    	104.54    	50.76     	43.76     	4.73      
254.00    	102.80    	49.47     	41.99     	4.73      
254.50    	101.96    	48.19     	40.50     	4.72      
255.00    	102.81    	47.91     	41.00     	4.72      
255.50    	104.85    	48.95     	42.92     	4.72      
256.00    	104.90    	48.94     	43.28     	4.72      
256.50    	103.81    	48.24     	42.70     	4.72      
257.00    	101.28    	46.60     	41.63     	4.72      
257.50    	100.02    	45.92     	41.52     	4.73      
258.00    	100.66    	46.22     	41.78     	4.73      
258.50    	102.20    	46.84     	41.99     	4.73      
259.00    	102.99    	46.72     	41.59     	4.74      
259.50    	103.32    	46.74     	41.39     	4.74      
260.00    	102.45    	46.46     	41.45     	4.75      
260.50    	100.92    	46.26     	42.01     	4.75      
261.00    	99.61     	46.19     	42.48     	4.75      
261.50    	98.44     	45.91     	42.10     	4.74      
262.00    	98.65     	45.99     	41.69     	4.73      
262.50    	100.38    	46.78     	41.95     	4.72      
263.00    	102.74    	47.81     	42.57     	4.70      
263.50    	103.42    	48.09     	42.80     	4.68      
264.00    	102.98    	48.29     	43.19     	4.66      
264.50    	101.29    	47.81     	42.71     	4.64      
265.00    	101.30    	47.87     	42.46     	4.62      
265.50    	102.55    	47.83     	42.37     	4.61      
266.00    	104.08    	47.83     	42.42     	4.61      
266.50    	104.94    	47.71     	41.97     	4.62      
267.00    	106.32    	48.14     	41.90     	4.63      
267.50    	106.66    	47.97     	41.81     	4.66      
268.00    	106.37    	47.72     	42.09     	4.69      
268.50    	105.06    	46.76     	41.69     	4.73      
269.00    	104.82    	46.21     	41.34     	4.78      
269.50    	106.04    	46.49     	41.56     	4.83      
270.00    	106.43    	47.57     	41.96     	4.87      
270.50    	104.73    	48.26     	41.73     	4.92      
271.00    	104.82    	48.68     	41.93     	4.97      
271.50    	106.91    	48.59     	42.57     	5.01      
272.00    	107.83    	48.54     	43.12     	5.05      
272.50    	106.16    	48.41     	43.01     	5.08      
273.00    	103.96    	48.02     	42.66     	5.10      
273.50    	104.52    	48.29     	43.18     	5.10      
274.00    	107.55    	49.49     	44.33     	5.09      
274.50    	110.53    	50.62     	44.65     	5.07      
275.00    	111.72    	51.20     	43.99     	5.03      
275.50    	110.81    	51.04     	42.99     	4.99      
276.00    	108.71    	50.30     	41.94     	4.94      
276.50    	108.00    	49.86     	41.79     	4.88      
277.00    	108.53    	49.58     	42.19     	4.82      
277.50    	110.02    	49.80     	42.63     	4.77      
278.00    	111.86    	50.82     	43.18     	4.73      
278.50    	112.74    	51.80     	43.85     	4.69      
279.00    	111.75    	51.82     	44.23     	4.66      
279.50    	111.36    	51.94     	44.62     	4.63      
280.00    	111.85    	51.65     	44.28     	4.61      
280.50    	114.03    	51.30     	43.58     	4.59      
281.00    	116.57    	51.35     	43.36     	4.58      
281.50    	114.90    	51.33     	43.46     	4.57      
282.00    	107.21    	50.49     	42.71     	4.57      
282.50    	102.84    	50.11     	42.17     	4.57      
283.00    	105.66    	49.69     	41.95     	4.57      
283.50    	110.20    	49.56     	41.99     	4.58      
284.00    	112.21    	50.06     	42.13     	4.59      
284.50    	111.80    	50.45     	42.23     	4.59      
285.00    	109.55    	49.66     	41.73     	4.60      
285.50    	107.61    	48.57     	40.93     	4.60      
286.00    	105.99    	47.54     	39.97     	4.60      
286.50    	106.39    	47.66     	39.87     	4.59      
287.00    	108.16    	48.32     	40.35     	4.57      
287.50    	109.57    	48.45     	40.79     	4.54      
288.00    	109.70    	47.82     	40.82     	4.49      
288.50    	109.12    	47.03     	40.47     	4.45      
289.00    	107.33    	45.90     	39.44     	4.40      
289.50    	107.04    	45.82     	39.20     	4.37      
290.00    	108.57    	46.56     	39.78     	4.35      
290.50    	110.61    	47.07     	40.28     	4.35      
291.00    	111.37    	46.59     	40.00     	4.38      
291.50    	110.88    	45.93     	39.55     	4.43      
292.00    	109.17    	45.53     	39.17     	4.49      
292.50    	108.84    	46.08     	39.54     	4.56      
293.00    	109.00    	46.02     	39.79     	4.61      
293.50    	109.35    	45.67     	39.74     	4.65      
294.00    	109.29    	45.53     	39.17     	4.66      
294.50    	109.35    	45.68     	38.75     	4.64      
295.00    	108.12    	44.87     	38.11     	4.59      
295.50    	107.75    	44.60     	38.15     	4.52      
296.00    	107.93    	44.80     	38.53     	4.45      
296.50    	108.67    	45.48     	39.08     	4.38      
297.00    	108.88    	45.66     	38.79     	4.33      
297.50    	109.38    	45.73     	38.43     	4.30      
298.00    	108.97    	45.25     	38.06     	4.29      
298.50    	108.92    	45.47     	38.41     	4.30      
299.00    	108.28    	45.12     	38.46     	4.32      
299.50    	107.45    	44.38     	38.55     	4.35      
300.00    	106.95    	44.10     	38.83     	4.39      
300.50    	107.42    	45.10     	39.33     	4.42      
301.00    	108.62    	46.42     	40.11     	4.46      
301.50    	108.84    	46.51     	40.74     	4.49      
302.00    	109.33    	46.48     	41.47     	4.51      
302.50    	108.02    	45.51     	41.03     	4.53      
303.00    	107.63    	45.23     	41.04     	4.55      
303.50    	108.26    	45.16     	41.16     	4.56      
304.00    	109.49    	45.27     	41.39     	4.57      
304.50    	109.95    	44.91     	41.19     	4.58      
305.00    	110.86    	45.19     	41.27     	4.59      
305.50    	111.18    	45.31     	41.00     	4.60      
306.00    	110.04    	44.60     	40.27     	4.61      
306.50    	111.09    	44.45     	40.32     	4.62      
307.00    	112.12    	43.85     	39.69     	4.63      
307.50    	111.87    	43.72     	39.28     	4.65      
308.00    	110.55    	44.35     	39.85     	4.67      
308.50    	111.64    	45.95     	41.63     	4.68      
309.00    	112.62    	46.03     	42.25     	4.71      
309.50    	112.80    	45.38     	42.13     	4.73      
310.00    	110.79    	44.23     	41.07     	4.75      
310.50    	108.51    	43.76     	40.08     	4.76      
311.00    	108.57    	44.36     	40.02     	4.78      
311.50    	109.73    	44.97     	40.30     	4.79      
312.00    	110.63    	44.99     	40.67     	4.79      
312.50    	111.25    	45.16     	41.20     	4.79      
313.00    	111.21    	45.58     	41.29     	4.78      
313.50    	109.09    	45.23     	40.55     	4.76      
314.00    	107.75    	45.23     	40.74     	4.75      
314.50    	106.23    	44.60     	40.42     	4.72      
315.00    	105.94    	44.41     	39.78     	4.70      
315.50    	107.38    	45.12     	39.84     	4.67      
316.00    	109.89    	46.54     	40.94     	4.64      
316.50    	110.46    	46.80     	41.10     	4.62      
317.00    	109.98    	46.47     	40.62     	4.59      
317.50    	107.88    	45.56     	39.69     	4.57      
318.00    	106.76    	45.47     	39.47     	4.55      
318.50    	106.94    	45.31     	39.04     	4.54      
319.00    	107.63    	45.09     	38.64     	4.54      
319.50    	107.71    	45.11     	38.74     	4.55      
320.00    	108.54    	46.15     	39.59     	4.57      
320.50    	108.68    	46.37     	39.57     	4.60      
321.00    	108.07    	46.19     	39.38     	4.62      
321.50    	106.86    	45.93     	39.14     	4.65      
322.00    	104.86    	45.29     	38.11     	4.66      
322.50    	104.36    	45.23     	37.78     	4.67      
323.00    	105.22    	45.84     	38.87     	4.67      
323.50    	106.30    	46.32     	40.23     	4.64      
324.00    	106.29    	46.04     	40.48     	4.60      
324.50    	106.17    	46.06     	40.32     	4.56      
325.00    	104.32    	45.45     	39.26     	4.51      
325.50    	103.55    	45.61     	39.09     	4.46      
326.00    	104.07    	45.97     	39.46     	4.43      
326.50    	105.22    	46.14     	39.84     	4.41      
327.00    	105.65    	45.69     	39.73     	4.41      
327.50    	106.60    	45.96     	40.25     	4.44      
328.00    	106.46    	45.84     	40.37     	4.48      
328.50    	105.83    	45.87     	40.49     	4.54      
329.00    	104.96    	45.51     	40.30     	4.61      
329.50    	103.77    	44.41     	39.30     	4.68      
330.00    	103.50    	43.75     	38.51     	4.75      
330.50    	104.99    	44.77     	39.34     	4.81      
331.00    	106.75    	46.15     	40.59     	4.87      
331.50    	106.95    	46.48     	40.74     	4.91      
332.00    	106.42    	46.30     	40.56     	4.93      
332.50    	104.67    	45.51     	40.05     	4.92      
333.00    	104.47    	45.61     	40.30     	4.89      
