Time      	MABP      	CBFV-L    	CBFV-R    	etCO2     
0.00      	89.10     	43.63     	59.16     	3.65      
0.50      	89.96     	43.21     	58.74     	3.64      
1.00      	90.30     	42.00     	57.59     	3.64      
1.50      	89.97     	41.45     	57.55     	3.64      
2.00      	90.13     	41.39     	57.91     	3.64      
2.50      	91.05     	41.52     	58.10     	3.65      
3.00      	92.06     	41.62     	58.10     	3.66      
3.50      	92.53     	41.57     	58.12     	3.67      
4.00      	92.37     	41.06     	57.83     	3.68      
4.50      	92.13     	40.59     	57.47     	3.69      
5.00      	91.95     	40.48     	57.11     	3.71      
5.50      	92.17     	40.92     	57.40     	3.73      
6.00      	92.36     	41.04     	57.67     	3.75      
6.50      	92.61     	40.98     	57.97     	3.77      
7.00      	92.59     	40.72     	57.97     	3.80      
7.50      	92.79     	40.64     	57.98     	3.83      
8.00      	93.38     	40.89     	57.94     	3.85      
8.50      	94.59     	41.62     	58.25     	3.88      
9.00      	95.37     	42.06     	58.43     	3.91      
9.50      	95.80     	42.25     	58.41     	3.94      
10.00     	95.94     	42.47     	57.99     	3.97      
10.50     	96.10     	42.83     	57.31     	4.00      
11.00     	96.11     	42.91     	56.71     	4.03      
11.50     	95.98     	42.46     	56.33     	4.05      
12.00     	95.90     	42.14     	56.35     	4.07      
12.50     	96.00     	42.28     	56.77     	4.09      
13.00     	96.53     	42.66     	57.66     	4.10      
13.50     	96.62     	42.42     	57.99     	4.12      
14.00     	96.58     	42.15     	58.10     	4.12      
14.50     	96.35     	41.94     	58.10     	4.13      
15.00     	96.64     	41.92     	58.47     	4.12      
15.50     	96.49     	41.67     	58.39     	4.12      
16.00     	96.22     	41.61     	58.35     	4.11      
16.50     	95.88     	41.72     	58.53     	4.10      
17.00     	96.17     	42.16     	59.07     	4.08      
17.50     	96.98     	42.55     	59.63     	4.06      
18.00     	98.00     	42.53     	59.69     	4.03      
18.50     	98.67     	42.19     	59.30     	4.01      
19.00     	98.97     	41.64     	58.64     	3.98      
19.50     	99.20     	41.17     	58.18     	3.96      
20.00     	99.06     	40.79     	57.56     	3.94      
20.50     	98.66     	40.55     	57.00     	3.92      
21.00     	98.11     	40.03     	56.67     	3.91      
21.50     	98.10     	39.87     	57.01     	3.91      
22.00     	97.87     	40.01     	57.17     	3.91      
22.50     	97.69     	40.41     	57.36     	3.92      
23.00     	96.96     	40.33     	57.02     	3.94      
23.50     	96.29     	40.23     	56.68     	3.96      
24.00     	95.09     	39.83     	55.99     	3.97      
24.50     	94.18     	39.62     	55.85     	3.99      
25.00     	93.34     	39.55     	55.91     	4.00      
25.50     	93.08     	39.91     	56.03     	4.00      
26.00     	92.90     	40.18     	55.94     	4.00      
26.50     	93.24     	40.18     	56.18     	3.99      
27.00     	93.56     	39.90     	56.31     	3.97      
27.50     	94.08     	39.83     	56.23     	3.96      
28.00     	94.24     	39.63     	55.94     	3.94      
28.50     	94.49     	39.40     	56.12     	3.93      
29.00     	95.02     	39.46     	56.83     	3.93      
29.50     	95.76     	39.80     	57.62     	3.93      
30.00     	96.53     	40.53     	58.48     	3.94      
30.50     	96.94     	41.19     	58.95     	3.96      
31.00     	97.31     	41.70     	59.21     	3.99      
31.50     	97.38     	41.90     	59.15     	4.02      
32.00     	97.39     	42.24     	59.29     	4.06      
32.50     	96.82     	42.43     	59.13     	4.10      
33.00     	96.31     	42.70     	59.11     	4.13      
33.50     	96.06     	42.90     	59.34     	4.17      
34.00     	96.48     	43.39     	60.05     	4.20      
34.50     	96.50     	43.56     	60.33     	4.23      
35.00     	96.27     	43.50     	60.34     	4.26      
35.50     	95.48     	43.16     	60.07     	4.28      
36.00     	94.94     	42.84     	59.96     	4.29      
36.50     	94.55     	42.49     	59.82     	4.29      
37.00     	94.56     	42.47     	59.82     	4.29      
37.50     	94.25     	42.67     	59.74     	4.28      
38.00     	94.28     	43.23     	59.97     	4.26      
38.50     	95.21     	44.22     	60.78     	4.23      
39.00     	96.98     	45.20     	61.70     	4.19      
39.50     	99.15     	45.77     	62.29     	4.14      
40.00     	101.09    	45.85     	62.11     	4.09      
40.50     	103.04    	45.98     	61.81     	4.03      
41.00     	104.60    	45.88     	61.38     	3.98      
41.50     	105.64    	45.50     	60.89     	3.94      
42.00     	105.72    	44.70     	59.92     	3.90      
42.50     	106.38    	44.40     	59.56     	3.87      
43.00     	109.10    	45.31     	60.90     	3.85      
43.50     	111.63    	45.86     	62.07     	3.86      
44.00     	108.32    	43.13     	59.07     	3.87      
44.50     	102.73    	39.95     	55.15     	3.89      
45.00     	103.15    	40.70     	56.17     	3.92      
45.50     	104.51    	41.81     	57.61     	3.96      
46.00     	101.58    	40.68     	55.98     	3.99      
46.50     	97.54     	39.12     	53.61     	4.03      
47.00     	95.79     	38.85     	53.10     	4.06      
47.50     	94.75     	38.98     	53.48     	4.08      
48.00     	93.44     	39.21     	53.83     	4.09      
48.50     	91.78     	39.27     	53.48     	4.10      
49.00     	90.87     	39.54     	53.37     	4.10      
49.50     	90.15     	39.65     	53.57     	4.10      
50.00     	89.90     	39.63     	54.29     	4.09      
50.50     	89.64     	39.38     	54.87     	4.08      
51.00     	89.74     	39.38     	55.39     	4.07      
51.50     	89.81     	39.44     	55.60     	4.05      
52.00     	89.89     	39.40     	55.53     	4.04      
52.50     	90.70     	39.79     	56.22     	4.03      
53.00     	93.17     	41.05     	58.39     	4.01      
53.50     	95.67     	42.08     	59.99     	4.00      
54.00     	92.94     	39.76     	56.62     	4.00      
54.50     	87.88     	36.79     	52.30     	3.99      
55.00     	89.69     	38.44     	54.15     	3.98      
55.50     	93.85     	40.72     	56.82     	3.98      
56.00     	93.94     	40.21     	56.23     	3.98      
56.50     	92.61     	38.82     	55.15     	3.98      
57.00     	93.27     	38.56     	55.56     	3.98      
57.50     	94.45     	38.71     	55.84     	3.98      
58.00     	95.20     	38.68     	55.71     	3.99      
58.50     	95.57     	38.40     	55.68     	4.00      
59.00     	96.15     	38.34     	55.87     	4.01      
59.50     	96.13     	38.31     	55.53     	4.02      
60.00     	95.99     	38.50     	55.35     	4.03      
60.50     	96.33     	39.08     	55.97     	4.04      
61.00     	96.87     	39.65     	56.59     	4.06      
61.50     	97.18     	40.10     	56.79     	4.07      
62.00     	96.95     	40.27     	56.66     	4.09      
62.50     	96.66     	40.42     	56.74     	4.11      
63.00     	95.78     	40.12     	56.16     	4.12      
63.50     	94.74     	39.89     	55.49     	4.14      
64.00     	93.94     	39.96     	55.45     	4.15      
64.50     	94.46     	40.94     	56.72     	4.16      
65.00     	94.19     	41.23     	56.87     	4.17      
65.50     	91.79     	40.06     	55.15     	4.18      
66.00     	90.22     	39.61     	54.55     	4.18      
66.50     	91.69     	40.90     	56.30     	4.19      
67.00     	92.27     	41.34     	57.03     	4.19      
67.50     	91.63     	41.01     	56.63     	4.18      
68.00     	90.96     	40.91     	56.14     	4.18      
68.50     	91.08     	41.19     	56.11     	4.18      
69.00     	90.91     	41.17     	55.92     	4.18      
69.50     	90.85     	41.39     	56.09     	4.18      
70.00     	90.94     	41.95     	56.56     	4.18      
70.50     	91.38     	42.57     	56.90     	4.19      
71.00     	91.85     	43.04     	57.00     	4.19      
71.50     	92.24     	43.36     	57.01     	4.20      
72.00     	92.29     	43.42     	57.17     	4.21      
72.50     	92.14     	43.10     	57.12     	4.23      
73.00     	91.89     	42.91     	56.96     	4.24      
73.50     	91.41     	42.85     	56.69     	4.25      
74.00     	90.73     	42.88     	56.69     	4.26      
74.50     	90.18     	43.01     	56.88     	4.27      
75.00     	90.17     	43.44     	57.48     	4.28      
75.50     	90.08     	43.74     	57.94     	4.28      
76.00     	90.05     	44.05     	58.41     	4.28      
76.50     	89.84     	43.85     	58.32     	4.28      
77.00     	89.99     	43.84     	58.42     	4.27      
77.50     	90.05     	43.94     	58.33     	4.27      
78.00     	90.18     	43.97     	58.24     	4.26      
78.50     	90.17     	43.47     	57.95     	4.25      
79.00     	90.52     	43.43     	58.41     	4.24      
79.50     	91.20     	44.07     	59.42     	4.23      
80.00     	92.51     	45.19     	60.45     	4.22      
80.50     	93.53     	45.94     	60.66     	4.21      
81.00     	94.66     	46.59     	61.09     	4.19      
81.50     	95.79     	47.03     	62.07     	4.18      
82.00     	97.06     	47.06     	63.07     	4.17      
82.50     	97.80     	46.51     	63.22     	4.16      
83.00     	98.30     	46.07     	62.82     	4.15      
83.50     	98.81     	46.04     	62.43     	4.14      
84.00     	99.04     	45.88     	61.74     	4.13      
84.50     	99.57     	45.84     	61.32     	4.12      
85.00     	101.30    	46.20     	61.77     	4.11      
85.50     	103.98    	46.60     	62.58     	4.11      
86.00     	102.63    	44.40     	60.00     	4.10      
86.50     	97.57     	40.92     	55.55     	4.10      
87.00     	97.06     	41.06     	55.56     	4.09      
87.50     	100.11    	42.93     	57.64     	4.09      
88.00     	99.91     	42.51     	56.78     	4.09      
88.50     	98.17     	40.96     	54.82     	4.09      
89.00     	98.63     	40.51     	54.75     	4.10      
89.50     	100.13    	40.46     	55.38     	4.10      
90.00     	100.81    	40.18     	55.32     	4.10      
90.50     	100.47    	39.84     	54.54     	4.09      
91.00     	100.22    	39.90     	54.26     	4.08      
91.50     	99.44     	39.58     	53.92     	4.07      
92.00     	98.46     	39.15     	53.64     	4.05      
92.50     	97.52     	38.89     	53.45     	4.02      
93.00     	97.20     	39.07     	53.74     	3.99      
93.50     	96.93     	39.09     	53.83     	3.94      
94.00     	97.16     	38.99     	53.61     	3.89      
94.50     	97.57     	38.83     	53.20     	3.84      
95.00     	98.07     	38.67     	53.08     	3.79      
95.50     	97.80     	38.26     	52.81     	3.75      
96.00     	97.29     	37.99     	52.45     	3.71      
96.50     	97.18     	38.24     	52.33     	3.69      
97.00     	97.26     	38.52     	52.33     	3.69      
97.50     	97.19     	38.65     	52.56     	3.71      
98.00     	96.57     	38.54     	52.74     	3.75      
98.50     	95.89     	38.64     	53.09     	3.80      
99.00     	95.03     	38.53     	53.10     	3.86      
99.50     	94.40     	38.49     	53.11     	3.93      
100.00    	93.57     	38.52     	52.82     	4.00      
100.50    	92.89     	38.81     	52.73     	4.06      
101.00    	92.45     	39.03     	52.82     	4.12      
101.50    	92.81     	39.53     	53.36     	4.17      
102.00    	93.38     	40.13     	53.95     	4.20      
102.50    	94.31     	40.83     	54.74     	4.22      
103.00    	94.71     	40.94     	55.09     	4.23      
103.50    	94.95     	40.70     	55.21     	4.24      
104.00    	95.07     	40.57     	55.18     	4.23      
104.50    	95.46     	40.82     	55.17     	4.23      
105.00    	95.56     	40.98     	54.99     	4.22      
105.50    	95.66     	41.23     	54.98     	4.21      
106.00    	95.74     	41.62     	55.16     	4.20      
106.50    	95.77     	41.84     	55.28     	4.21      
107.00    	95.83     	42.25     	55.63     	4.21      
107.50    	95.78     	42.78     	56.03     	4.22      
108.00    	95.75     	43.40     	56.68     	4.24      
108.50    	95.67     	43.61     	57.07     	4.26      
109.00    	95.69     	43.68     	57.32     	4.28      
109.50    	95.54     	43.62     	57.31     	4.31      
110.00    	95.78     	43.76     	57.60     	4.33      
110.50    	96.35     	43.98     	57.80     	4.35      
111.00    	97.42     	44.41     	58.13     	4.37      
111.50    	98.43     	44.53     	58.52     	4.39      
112.00    	99.55     	44.68     	59.20     	4.40      
112.50    	100.06    	44.66     	59.29     	4.40      
113.00    	100.55    	44.51     	59.00     	4.40      
113.50    	100.73    	44.05     	58.43     	4.40      
114.00    	100.91    	43.73     	58.28     	4.39      
114.50    	100.47    	43.30     	58.29     	4.37      
115.00    	99.95     	42.99     	58.31     	4.34      
115.50    	99.47     	42.90     	58.26     	4.31      
116.00    	99.05     	42.91     	58.28     	4.26      
116.50    	98.56     	43.03     	58.43     	4.21      
117.00    	97.84     	43.09     	58.16     	4.16      
117.50    	97.00     	43.18     	57.66     	4.10      
118.00    	96.06     	42.91     	57.11     	4.05      
118.50    	95.21     	42.49     	56.85     	4.01      
119.00    	94.43     	42.10     	56.56     	3.97      
119.50    	94.06     	42.33     	56.66     	3.94      
120.00    	93.95     	42.91     	57.13     	3.94      
120.50    	94.48     	43.59     	58.08     	3.95      
121.00    	94.84     	43.61     	58.46     	3.97      
121.50    	95.31     	43.61     	58.59     	4.01      
122.00    	95.30     	43.57     	58.24     	4.05      
122.50    	95.37     	43.67     	57.92     	4.09      
123.00    	95.00     	43.29     	57.41     	4.13      
123.50    	94.71     	42.96     	57.45     	4.16      
124.00    	94.53     	43.05     	57.97     	4.18      
124.50    	94.92     	43.44     	58.45     	4.19      
125.00    	95.67     	43.60     	58.51     	4.17      
125.50    	96.67     	43.41     	58.50     	4.15      
126.00    	97.65     	43.25     	58.77     	4.11      
126.50    	98.39     	43.22     	58.82     	4.06      
127.00    	98.83     	43.16     	58.64     	4.01      
127.50    	98.73     	42.62     	58.19     	3.96      
128.00    	98.43     	41.85     	57.75     	3.91      
128.50    	97.94     	40.97     	57.08     	3.88      
129.00    	97.54     	40.28     	56.46     	3.85      
129.50    	96.93     	39.66     	56.02     	3.83      
130.00    	96.44     	39.19     	55.74     	3.83      
130.50    	95.79     	38.71     	55.28     	3.83      
131.00    	95.10     	38.05     	54.98     	3.84      
131.50    	94.18     	37.23     	54.76     	3.86      
132.00    	93.24     	36.64     	54.23     	3.88      
132.50    	92.64     	36.60     	54.05     	3.90      
133.00    	92.21     	36.58     	54.56     	3.92      
133.50    	92.05     	36.23     	55.35     	3.94      
134.00    	91.59     	35.47     	55.25     	3.95      
134.50    	91.22     	35.07     	54.75     	3.96      
135.00    	90.61     	34.76     	53.94     	3.98      
135.50    	90.07     	34.54     	53.28     	3.99      
136.00    	89.19     	34.37     	52.59     	4.00      
136.50    	88.66     	34.46     	52.27     	4.01      
137.00    	88.69     	34.80     	52.38     	4.02      
137.50    	89.25     	35.37     	52.75     	4.03      
138.00    	89.90     	36.07     	53.19     	4.05      
138.50    	90.29     	36.37     	53.14     	4.07      
139.00    	90.25     	36.27     	52.57     	4.08      
139.50    	90.03     	36.21     	51.74     	4.10      
140.00    	90.00     	36.53     	51.45     	4.12      
140.50    	89.75     	36.52     	51.31     	4.14      
141.00    	89.27     	36.45     	51.28     	4.16      
141.50    	88.88     	36.86     	51.20     	4.19      
142.00    	89.12     	37.92     	51.63     	4.21      
142.50    	89.17     	38.51     	52.12     	4.23      
143.00    	89.15     	38.77     	52.98     	4.25      
143.50    	88.58     	38.72     	53.38     	4.27      
144.00    	88.14     	39.11     	53.70     	4.29      
144.50    	87.70     	39.57     	53.65     	4.30      
145.00    	87.60     	40.25     	54.04     	4.32      
145.50    	87.53     	40.47     	54.42     	4.33      
146.00    	87.55     	40.68     	54.82     	4.34      
146.50    	87.67     	41.08     	54.99     	4.34      
147.00    	88.10     	41.79     	55.52     	4.34      
147.50    	88.71     	42.39     	56.26     	4.33      
148.00    	89.81     	43.05     	57.23     	4.32      
148.50    	90.66     	43.23     	57.50     	4.31      
149.00    	91.57     	43.48     	57.68     	4.29      
149.50    	92.02     	43.61     	57.45     	4.27      
150.00    	92.47     	43.77     	57.34     	4.25      
150.50    	92.51     	43.57     	57.28     	4.23      
151.00    	92.78     	43.68     	57.66     	4.22      
151.50    	92.72     	43.75     	57.66     	4.20      
152.00    	92.94     	44.14     	57.89     	4.18      
152.50    	93.26     	44.63     	58.48     	4.17      
153.00    	93.94     	45.34     	59.53     	4.17      
153.50    	94.60     	46.09     	60.30     	4.16      
154.00    	95.37     	46.74     	60.49     	4.16      
154.50    	95.76     	47.02     	60.16     	4.17      
155.00    	95.97     	47.06     	59.91     	4.17      
155.50    	95.96     	46.99     	59.79     	4.18      
156.00    	95.86     	46.74     	59.74     	4.18      
156.50    	95.79     	46.52     	60.05     	4.19      
157.00    	95.84     	46.59     	60.47     	4.19      
157.50    	95.84     	46.69     	60.56     	4.19      
158.00    	95.71     	46.18     	59.97     	4.19      
158.50    	96.91     	45.88     	60.15     	4.19      
159.00    	100.25    	46.34     	61.63     	4.18      
159.50    	101.56    	45.27     	60.90     	4.17      
160.00    	95.43     	40.24     	54.66     	4.15      
160.50    	91.74     	38.00     	52.18     	4.14      
161.00    	98.44     	41.86     	57.84     	4.12      
161.50    	103.56    	43.72     	60.71     	4.10      
162.00    	101.82    	41.55     	58.10     	4.08      
162.50    	98.79     	39.19     	55.26     	4.06      
163.00    	98.33     	38.49     	54.87     	4.04      
163.50    	98.34     	38.13     	55.02     	4.02      
164.00    	97.67     	37.75     	54.77     	4.00      
164.50    	96.46     	37.50     	54.46     	3.98      
165.00    	95.31     	37.19     	54.30     	3.96      
165.50    	93.83     	36.48     	53.77     	3.94      
166.00    	92.36     	35.59     	53.06     	3.91      
166.50    	91.08     	35.02     	52.74     	3.89      
167.00    	90.01     	34.92     	52.76     	3.87      
167.50    	89.10     	35.16     	52.91     	3.84      
168.00    	88.35     	35.26     	52.91     	3.81      
168.50    	88.03     	35.26     	53.12     	3.78      
169.00    	87.48     	35.01     	52.87     	3.75      
169.50    	87.01     	35.03     	52.62     	3.72      
170.00    	86.35     	35.02     	52.30     	3.70      
170.50    	86.02     	35.03     	52.33     	3.68      
171.00    	86.06     	35.13     	52.68     	3.67      
171.50    	86.71     	35.75     	53.41     	3.68      
172.00    	87.50     	36.48     	53.93     	3.69      
172.50    	88.23     	36.67     	53.89     	3.72      
173.00    	88.75     	36.60     	53.52     	3.76      
173.50    	89.19     	36.76     	52.96     	3.81      
174.00    	89.56     	37.08     	52.59     	3.86      
174.50    	89.58     	36.88     	52.32     	3.91      
175.00    	89.52     	36.64     	52.25     	3.97      
175.50    	89.59     	36.87     	52.22     	4.02      
176.00    	90.15     	37.69     	52.72     	4.06      
176.50    	90.28     	38.18     	52.94     	4.10      
177.00    	90.35     	38.43     	53.07     	4.13      
177.50    	89.92     	38.18     	52.87     	4.16      
178.00    	89.59     	38.08     	52.96     	4.18      
178.50    	88.93     	37.92     	53.01     	4.19      
179.00    	88.55     	37.92     	53.38     	4.20      
179.50    	88.17     	37.93     	53.59     	4.21      
180.00    	88.21     	38.29     	53.98     	4.21      
180.50    	88.40     	38.94     	54.58     	4.20      
181.00    	89.06     	39.80     	55.44     	4.19      
181.50    	89.76     	40.45     	56.00     	4.18      
182.00    	90.63     	40.97     	56.43     	4.17      
182.50    	91.19     	41.37     	56.82     	4.16      
183.00    	91.60     	41.78     	57.22     	4.15      
183.50    	91.86     	42.19     	57.58     	4.14      
184.00    	92.32     	42.71     	58.02     	4.13      
184.50    	93.08     	43.43     	58.68     	4.12      
185.00    	94.15     	43.93     	59.18     	4.12      
185.50    	95.66     	44.29     	59.68     	4.13      
186.00    	96.78     	44.29     	59.62     	4.13      
186.50    	97.63     	44.24     	59.30     	4.14      
187.00    	97.94     	43.95     	58.54     	4.15      
187.50    	98.35     	43.67     	58.10     	4.17      
188.00    	98.00     	42.91     	57.47     	4.18      
188.50    	97.24     	42.28     	56.80     	4.19      
189.00    	96.33     	42.15     	56.20     	4.20      
189.50    	95.97     	42.54     	56.24     	4.21      
190.00    	95.26     	42.71     	56.47     	4.21      
190.50    	94.53     	42.84     	56.72     	4.21      
191.00    	93.65     	42.93     	56.52     	4.21      
191.50    	93.24     	43.10     	56.22     	4.21      
192.00    	92.84     	43.07     	55.80     	4.21      
192.50    	92.72     	43.03     	55.71     	4.21      
193.00    	92.66     	43.02     	55.99     	4.20      
193.50    	92.94     	43.07     	56.69     	4.20      
194.00    	93.58     	43.27     	57.61     	4.20      
194.50    	94.21     	43.45     	58.05     	4.21      
195.00    	94.94     	43.76     	58.41     	4.21      
195.50    	95.49     	43.90     	58.61     	4.22      
196.00    	96.01     	43.95     	59.02     	4.22      
196.50    	96.08     	43.64     	59.25     	4.22      
197.00    	96.17     	43.51     	59.50     	4.22      
197.50    	96.18     	43.48     	59.70     	4.21      
198.00    	96.51     	43.70     	60.27     	4.20      
198.50    	96.71     	44.13     	60.74     	4.18      
199.00    	97.45     	45.01     	61.41     	4.16      
199.50    	99.45     	46.18     	62.86     	4.14      
200.00    	101.26    	46.52     	63.73     	4.11      
200.50    	98.88     	44.55     	61.30     	4.08      
201.00    	95.25     	42.76     	58.53     	4.06      
201.50    	96.26     	43.85     	59.64     	4.04      
202.00    	97.78     	44.67     	60.66     	4.02      
202.50    	96.47     	43.87     	59.40     	4.01      
203.00    	94.94     	43.01     	58.01     	4.01      
203.50    	95.36     	43.03     	57.82     	4.01      
204.00    	95.77     	42.99     	57.55     	4.02      
204.50    	95.68     	42.83     	57.27     	4.02      
205.00    	95.37     	42.62     	57.03     	4.03      
205.50    	95.48     	42.47     	56.93     	4.04      
206.00    	95.07     	42.12     	56.56     	4.04      
206.50    	94.58     	42.01     	56.20     	4.03      
207.00    	94.47     	42.34     	56.15     	4.01      
207.50    	94.87     	42.61     	56.43     	3.98      
208.00    	95.96     	42.93     	57.24     	3.94      
208.50    	98.09     	43.63     	58.38     	3.89      
209.00    	100.22    	44.08     	59.01     	3.84      
209.50    	99.50     	42.67     	57.36     	3.78      
210.00    	98.39     	41.40     	55.98     	3.73      
210.50    	99.93     	41.48     	56.49     	3.68      
211.00    	100.19    	40.61     	55.98     	3.64      
211.50    	100.37    	39.96     	55.66     	3.61      
212.00    	100.69    	39.48     	55.35     	3.59      
212.50    	100.87    	39.04     	55.10     	3.59      
213.00    	100.65    	38.50     	54.72     	3.60      
213.50    	100.37    	37.90     	54.34     	3.61      
214.00    	99.35     	36.87     	53.57     	3.64      
214.50    	97.99     	35.75     	52.73     	3.66      
215.00    	96.61     	35.15     	52.20     	3.69      
215.50    	95.50     	35.18     	52.18     	3.72      
216.00    	94.12     	35.27     	52.15     	3.74      
216.50    	92.61     	35.00     	51.58     	3.77      
217.00    	91.38     	34.56     	50.81     	3.79      
217.50    	90.16     	33.76     	49.89     	3.81      
218.00    	88.69     	33.07     	49.03     	3.83      
218.50    	87.25     	32.73     	48.22     	3.84      
219.00    	86.56     	32.87     	47.86     	3.86      
219.50    	86.12     	33.15     	47.62     	3.88      
220.00    	85.95     	33.63     	47.88     	3.90      
220.50    	85.47     	33.90     	48.24     	3.92      
221.00    	85.20     	34.23     	48.75     	3.95      
221.50    	84.74     	34.41     	48.92     	3.97      
222.00    	84.53     	34.61     	49.31     	3.99      
222.50    	84.24     	34.90     	49.85     	4.00      
223.00    	84.22     	35.64     	50.54     	4.02      
223.50    	84.41     	36.56     	51.43     	4.03      
224.00    	84.84     	37.23     	52.32     	4.04      
224.50    	85.01     	37.65     	52.73     	4.05      
225.00    	85.08     	38.35     	52.83     	4.05      
225.50    	85.04     	39.30     	53.02     	4.06      
226.00    	84.91     	39.70     	53.02     	4.06      
226.50    	84.67     	39.66     	52.91     	4.06      
227.00    	84.72     	39.82     	53.15     	4.06      
227.50    	85.41     	40.62     	54.11     	4.06      
228.00    	86.23     	41.44     	54.86     	4.06      
228.50    	87.14     	42.23     	55.44     	4.06      
229.00    	87.73     	42.54     	55.57     	4.06      
229.50    	88.37     	42.88     	55.91     	4.07      
230.00    	88.73     	43.08     	56.18     	4.07      
230.50    	89.02     	43.12     	56.49     	4.08      
231.00    	88.96     	42.79     	56.50     	4.09      
231.50    	89.19     	42.91     	57.03     	4.11      
232.00    	89.97     	43.57     	58.20     	4.13      
232.50    	91.47     	44.64     	59.62     	4.15      
233.00    	92.67     	45.37     	60.31     	4.18      
233.50    	93.57     	45.48     	60.48     	4.21      
234.00    	94.07     	45.17     	60.20     	4.24      
234.50    	94.46     	44.99     	59.75     	4.26      
235.00    	94.61     	45.06     	59.42     	4.28      
235.50    	94.66     	45.18     	59.17     	4.30      
236.00    	94.66     	45.24     	59.09     	4.31      
236.50    	94.76     	45.30     	59.20     	4.31      
237.00    	95.12     	45.46     	59.65     	4.30      
237.50    	95.37     	45.18     	59.84     	4.28      
238.00    	95.86     	45.11     	59.92     	4.25      
238.50    	96.23     	45.31     	59.51     	4.22      
239.00    	96.82     	45.51     	59.25     	4.18      
239.50    	96.88     	44.91     	58.85     	4.15      
240.00    	96.72     	44.27     	58.59     	4.11      
240.50    	96.04     	43.75     	57.93     	4.08      
241.00    	95.33     	43.38     	56.97     	4.06      
241.50    	94.94     	43.34     	56.37     	4.05      
242.00    	95.15     	43.76     	56.73     	4.04      
242.50    	95.22     	43.94     	57.13     	4.05      
243.00    	95.26     	43.52     	57.03     	4.05      
243.50    	95.37     	42.85     	56.82     	4.06      
244.00    	95.48     	42.48     	56.66     	4.08      
244.50    	95.34     	42.61     	56.48     	4.08      
245.00    	95.23     	42.95     	56.37     	4.09      
245.50    	95.81     	43.33     	56.77     	4.08      
246.00    	96.61     	43.32     	56.97     	4.07      
246.50    	97.66     	43.17     	56.93     	4.05      
247.00    	98.30     	42.74     	56.49     	4.02      
247.50    	98.78     	42.39     	56.30     	3.98      
248.00    	98.89     	41.93     	56.25     	3.95      
248.50    	99.02     	41.53     	56.42     	3.91      
249.00    	99.17     	41.51     	56.76     	3.88      
249.50    	99.49     	42.01     	57.00     	3.86      
250.00    	100.22    	42.77     	57.22     	3.84      
250.50    	101.07    	43.22     	57.07     	3.83      
251.00    	102.23    	43.55     	56.95     	3.83      
251.50    	102.89    	43.39     	56.69     	3.83      
252.00    	103.11    	42.92     	56.34     	3.84      
252.50    	102.51    	42.12     	55.47     	3.85      
253.00    	101.71    	41.42     	54.57     	3.87      
253.50    	100.95    	40.87     	54.18     	3.89      
254.00    	100.18    	40.28     	53.88     	3.92      
254.50    	99.15     	39.77     	53.39     	3.95      
255.00    	97.86     	39.45     	52.71     	3.98      
255.50    	96.55     	39.34     	52.21     	4.01      
256.00    	95.20     	38.89     	51.72     	4.04      
256.50    	94.08     	38.31     	51.38     	4.08      
257.00    	92.84     	37.80     	50.88     	4.11      
257.50    	91.88     	37.87     	50.75     	4.14      
258.00    	91.33     	38.38     	50.97     	4.17      
258.50    	91.65     	39.25     	51.59     	4.19      
259.00    	92.08     	39.86     	51.90     	4.21      
259.50    	92.62     	40.08     	51.94     	4.23      
260.00    	92.94     	39.90     	51.85     	4.24      
260.50    	93.34     	39.86     	52.05     	4.25      
261.00    	93.41     	39.98     	52.40     	4.26      
261.50    	93.30     	40.03     	52.74     	4.26      
262.00    	92.93     	39.91     	52.97     	4.25      
262.50    	92.64     	40.02     	53.21     	4.24      
263.00    	92.71     	40.66     	53.96     	4.22      
263.50    	93.06     	41.21     	54.92     	4.20      
264.00    	93.90     	41.39     	56.02     	4.17      
264.50    	94.90     	41.25     	56.75     	4.13      
265.00    	96.17     	41.46     	57.25     	4.09      
265.50    	96.83     	41.45     	57.02     	4.05      
266.00    	97.07     	40.91     	56.45     	4.01      
266.50    	96.93     	39.98     	55.64     	3.97      
267.00    	97.06     	39.57     	55.27     	3.94      
267.50    	97.23     	39.67     	55.44     	3.91      
268.00    	97.38     	39.87     	55.76     	3.89      
268.50    	97.28     	39.73     	55.60     	3.87      
269.00    	97.04     	39.00     	54.80     	3.86      
269.50    	96.92     	38.21     	54.03     	3.85      
270.00    	96.56     	37.53     	53.31     	3.86      
270.50    	96.16     	37.13     	52.77     	3.87      
271.00    	95.83     	36.89     	52.46     	3.89      
271.50    	96.04     	37.07     	52.65     	3.91      
272.00    	96.15     	37.26     	52.70     	3.94      
272.50    	96.20     	37.34     	52.70     	3.98      
273.00    	95.85     	37.31     	52.63     	4.03      
273.50    	95.48     	37.44     	52.62     	4.07      
274.00    	94.86     	37.58     	52.56     	4.12      
274.50    	94.19     	37.68     	52.60     	4.16      
275.00    	93.31     	37.77     	52.72     	4.19      
275.50    	92.80     	38.21     	53.15     	4.22      
276.00    	93.13     	39.29     	54.28     	4.23      
276.50    	93.60     	40.23     	55.46     	4.24      
277.00    	94.01     	40.70     	56.36     	4.23      
277.50    	94.22     	40.57     	56.45     	4.22      
278.00    	94.62     	40.45     	56.36     	4.20      
278.50    	94.64     	40.17     	56.08     	4.17      
279.00    	94.60     	40.02     	55.90     	4.15      
279.50    	94.50     	40.05     	55.71     	4.13      
280.00    	94.70     	40.29     	55.73     	4.11      
280.50    	94.84     	40.48     	55.66     	4.10      
281.00    	94.93     	40.58     	55.50     	4.10      
281.50    	94.35     	40.47     	55.08     	4.10      
282.00    	93.34     	40.22     	54.44     	4.11      
282.50    	92.35     	40.23     	53.90     	4.12      
283.00    	91.82     	40.59     	53.82     	4.14      
283.50    	91.11     	40.91     	53.93     	4.16      
284.00    	89.97     	40.79     	53.64     	4.18      
284.50    	88.73     	40.49     	53.22     	4.19      
285.00    	89.12     	41.33     	54.32     	4.21      
285.50    	92.13     	43.76     	57.66     	4.21      
286.00    	93.20     	44.20     	58.44     	4.22      
286.50    	89.30     	41.28     	54.72     	4.22      
287.00    	87.55     	40.08     	53.36     	4.22      
287.50    	91.04     	41.80     	55.96     	4.22      
288.00    	92.62     	42.04     	56.75     	4.22      
288.50    	91.54     	41.07     	55.74     	4.22      
289.00    	91.08     	40.86     	55.17     	4.21      
289.50    	92.12     	41.51     	55.29     	4.21      
290.00    	93.13     	42.17     	55.57     	4.21      
290.50    	93.43     	42.36     	55.83     	4.20      
291.00    	93.26     	42.17     	55.91     	4.20      
291.50    	92.76     	41.71     	55.34     	4.20      
292.00    	92.39     	41.62     	54.91     	4.19      
292.50    	91.93     	41.69     	54.78     	4.19      
293.00    	91.53     	41.87     	55.06     	4.18      
293.50    	91.19     	42.08     	55.29     	4.16      
294.00    	91.41     	42.57     	55.76     	4.15      
294.50    	91.90     	43.18     	56.30     	4.13      
295.00    	92.78     	43.89     	56.85     	4.10      
295.50    	93.46     	43.95     	56.95     	4.08      
296.00    	93.99     	43.18     	56.60     	4.06      
296.50    	94.12     	42.03     	55.84     	4.03      
297.00    	94.28     	41.30     	54.75     	4.01      
297.50    	94.54     	40.89     	53.52     	4.00      
298.00    	94.56     	40.55     	52.60     	3.99      
298.50    	93.55     	40.37     	52.53     	3.99      
299.00    	92.89     	40.09     	52.90     	4.00      
299.50    	98.06     	40.21     	53.60     	4.02      
300.00    	107.16    	40.54     	53.82     	4.04      
300.50    	108.19    	41.17     	54.02     	4.06      
301.00    	99.62     	41.54     	54.21     	4.08      
301.50    	94.31     	42.06     	54.92     	4.09      
302.00    	95.12     	42.67     	55.82     	4.09      
302.50    	97.56     	43.35     	57.17     	4.09      
303.00    	99.02     	43.77     	58.44     	4.06      
303.50    	100.69    	44.24     	59.31     	4.03      
304.00    	102.56    	44.38     	59.33     	3.99      
304.50    	104.15    	43.87     	58.78     	3.94      
305.00    	105.01    	42.72     	57.91     	3.89      
305.50    	105.35    	41.49     	56.93     	3.84      
306.00    	105.30    	40.55     	55.70     	3.81      
306.50    	105.03    	39.84     	54.32     	3.78      
307.00    	104.99    	39.41     	53.59     	3.77      
307.50    	104.23    	38.73     	53.00     	3.78      
308.00    	102.81    	38.13     	52.48     	3.81      
308.50    	100.66    	37.63     	51.70     	3.85      
309.00    	98.96     	37.64     	51.22     	3.89      
309.50    	96.83     	37.49     	50.31     	3.94      
310.00    	94.67     	37.28     	49.70     	3.98      
310.50    	92.55     	36.80     	49.53     	4.01      
311.00    	91.23     	36.76     	49.99     	4.04      
311.50    	89.84     	36.81     	49.98     	4.04      
312.00    	88.60     	36.74     	49.70     	4.03      
312.50    	87.11     	36.34     	49.26     	4.02      
313.00    	86.16     	36.36     	49.33     	3.99      
313.50    	85.12     	36.34     	49.35     	3.97      
314.00    	84.57     	36.60     	49.79     	3.94      
314.50    	84.63     	37.37     	50.71     	3.92      
315.00    	85.38     	38.53     	51.94     	3.92      
315.50    	86.13     	39.57     	53.12     	3.92      
316.00    	86.92     	40.40     	54.31     	3.94      
316.50    	87.69     	41.04     	55.46     	3.97      
317.00    	88.61     	41.63     	56.43     	4.01      
317.50    	89.56     	42.34     	57.17     	4.05      
318.00    	90.38     	43.09     	57.58     	4.09      
318.50    	91.21     	43.91     	58.23     	4.14      
319.00    	92.35     	44.68     	59.31     	4.19      
319.50    	93.99     	45.64     	60.47     	4.23      
320.00    	95.27     	46.49     	60.79     	4.26      
320.50    	96.44     	47.29     	60.90     	4.29      
321.00    	97.72     	47.84     	60.97     	4.31      
321.50    	99.29     	48.07     	60.69     	4.31      
322.00    	100.39    	47.61     	59.79     	4.30      
322.50    	100.89    	46.70     	58.62     	4.27      
323.00    	101.14    	45.98     	57.71     	4.21      
323.50    	101.27    	45.38     	57.09     	4.14      
