Time      	MABP      	CBFV-L    	CBFV-R    	etCO2     
0.00      	91.33     	73.14     	98.33     	4.44      
0.50      	91.33     	73.14     	98.33     	4.44      
1.00      	92.83     	71.79     	95.47     	4.43      
1.50      	89.92     	69.77     	91.71     	4.43      
2.00      	86.63     	69.75     	91.15     	4.43      
2.50      	88.17     	70.79     	91.57     	4.43      
3.00      	89.61     	70.47     	90.77     	4.44      
3.50      	88.82     	68.51     	88.61     	4.44      
4.00      	87.65     	67.11     	87.22     	4.44      
4.50      	86.84     	66.85     	87.09     	4.44      
5.00      	85.71     	66.57     	86.91     	4.44      
5.50      	84.16     	65.82     	86.31     	4.43      
6.00      	82.82     	65.12     	85.99     	4.43      
6.50      	82.12     	65.03     	86.54     	4.42      
7.00      	82.23     	66.08     	88.27     	4.41      
7.50      	83.11     	68.04     	90.86     	4.40      
8.00      	84.47     	70.06     	93.47     	4.38      
8.50      	85.81     	71.35     	95.16     	4.37      
9.00      	86.68     	71.33     	95.22     	4.36      
9.50      	87.30     	70.36     	94.32     	4.35      
10.00     	88.04     	69.03     	93.42     	4.34      
10.50     	88.71     	67.56     	92.26     	4.34      
11.00     	89.02     	66.06     	90.42     	4.33      
11.50     	88.80     	64.57     	88.21     	4.34      
12.00     	88.00     	63.19     	86.10     	4.34      
12.50     	86.86     	62.00     	84.21     	4.35      
13.00     	85.71     	61.13     	82.57     	4.37      
13.50     	84.52     	60.58     	81.45     	4.39      
14.00     	83.20     	60.42     	81.22     	4.41      
14.50     	82.50     	61.18     	82.39     	4.43      
15.00     	83.27     	63.35     	85.28     	4.45      
15.50     	84.74     	66.14     	88.79     	4.47      
16.00     	85.96     	68.48     	91.59     	4.50      
16.50     	86.84     	69.85     	92.86     	4.52      
17.00     	87.32     	70.00     	92.53     	4.53      
17.50     	87.24     	69.07     	91.61     	4.55      
18.00     	86.77     	67.56     	90.85     	4.56      
18.50     	86.49     	66.50     	90.57     	4.57      
19.00     	86.60     	66.39     	90.71     	4.57      
19.50     	86.56     	66.82     	90.67     	4.57      
20.00     	86.10     	67.41     	90.22     	4.56      
20.50     	85.78     	68.02     	90.06     	4.54      
21.00     	85.88     	68.54     	90.41     	4.52      
21.50     	85.83     	68.84     	90.07     	4.49      
22.00     	85.40     	68.60     	88.81     	4.46      
22.50     	85.02     	67.33     	88.03     	4.42      
23.00     	85.07     	66.02     	88.09     	4.38      
23.50     	85.81     	66.76     	88.32     	4.35      
24.00     	86.95     	68.73     	88.48     	4.31      
24.50     	87.93     	69.73     	88.62     	4.28      
25.00     	88.34     	69.45     	88.60     	4.26      
25.50     	87.91     	68.37     	88.20     	4.24      
26.00     	86.94     	66.85     	87.22     	4.22      
26.50     	85.95     	65.29     	85.66     	4.22      
27.00     	85.41     	64.56     	84.95     	4.23      
27.50     	85.58     	65.24     	86.20     	4.24      
28.00     	86.15     	66.47     	87.85     	4.27      
28.50     	86.72     	67.30     	88.46     	4.30      
29.00     	87.09     	67.58     	88.52     	4.33      
29.50     	87.26     	67.42     	88.52     	4.37      
30.00     	87.55     	67.30     	88.31     	4.41      
30.50     	88.01     	67.34     	87.72     	4.45      
31.00     	88.11     	66.99     	86.80     	4.49      
31.50     	87.59     	66.02     	85.71     	4.52      
32.00     	86.78     	64.89     	84.76     	4.55      
32.50     	85.91     	63.93     	83.98     	4.57      
33.00     	84.94     	63.21     	83.00     	4.59      
33.50     	84.06     	62.86     	81.97     	4.60      
34.00     	83.75     	63.18     	81.85     	4.61      
34.50     	83.95     	63.98     	82.64     	4.61      
35.00     	84.01     	64.53     	83.12     	4.61      
35.50     	83.75     	64.61     	83.09     	4.61      
36.00     	83.52     	64.50     	83.27     	4.61      
36.50     	83.32     	64.29     	83.65     	4.60      
37.00     	82.88     	63.93     	83.56     	4.60      
37.50     	82.24     	63.55     	83.17     	4.60      
38.00     	81.71     	63.49     	83.46     	4.59      
38.50     	81.29     	63.61     	84.40     	4.59      
39.00     	80.70     	63.32     	85.02     	4.59      
39.50     	80.07     	62.60     	85.17     	4.60      
40.00     	80.00     	62.06     	85.62     	4.60      
40.50     	80.58     	62.03     	86.65     	4.60      
41.00     	81.47     	62.50     	88.03     	4.60      
41.50     	82.64     	63.39     	89.56     	4.59      
42.00     	84.26     	64.50     	91.03     	4.59      
42.50     	85.91     	65.41     	91.92     	4.58      
43.00     	86.68     	65.51     	91.42     	4.57      
43.50     	86.47     	64.82     	89.65     	4.55      
44.00     	85.90     	63.96     	87.48     	4.53      
44.50     	85.32     	63.36     	85.63     	4.50      
45.00     	84.75     	63.25     	84.63     	4.48      
45.50     	84.32     	63.65     	84.59     	4.45      
46.00     	84.33     	64.35     	85.18     	4.43      
46.50     	84.70     	65.09     	85.96     	4.41      
47.00     	84.86     	65.57     	86.38     	4.39      
47.50     	84.53     	65.66     	86.13     	4.39      
48.00     	84.03     	65.50     	85.26     	4.39      
48.50     	83.57     	65.23     	83.99     	4.40      
49.00     	83.05     	64.93     	82.92     	4.42      
49.50     	82.40     	64.75     	82.55     	4.45      
50.00     	81.96     	65.20     	82.87     	4.48      
50.50     	82.08     	66.58     	83.83     	4.51      
51.00     	82.96     	68.39     	85.45     	4.54      
51.50     	84.46     	69.98     	87.47     	4.56      
52.00     	85.75     	70.77     	88.87     	4.58      
52.50     	86.26     	70.55     	89.02     	4.58      
53.00     	86.30     	70.05     	88.59     	4.57      
53.50     	86.13     	69.79     	88.17     	4.54      
54.00     	85.60     	69.30     	87.61     	4.48      
54.50     	84.61     	68.18     	86.78     	4.41      
55.00     	83.63     	66.98     	86.18     	4.32      
55.50     	83.14     	66.34     	86.33     	4.21      
56.00     	83.01     	66.08     	87.04     	4.10      
56.50     	82.97     	65.85     	87.93     	3.99      
57.00     	83.26     	65.42     	88.76     	3.90      
57.50     	84.26     	64.66     	89.35     	3.82      
58.00     	85.46     	63.77     	89.56     	3.78      
58.50     	86.06     	63.14     	89.33     	3.77      
59.00     	86.84     	63.08     	89.14     	3.80      
59.50     	88.94     	63.77     	89.54     	3.86      
60.00     	91.53     	64.84     	90.15     	3.94      
60.50     	93.49     	65.77     	90.36     	4.05      
61.00     	94.57     	66.14     	89.87     	4.16      
61.50     	94.77     	65.73     	88.69     	4.29      
62.00     	94.45     	64.94     	87.65     	4.41      
62.50     	94.02     	64.23     	87.40     	4.53      
63.00     	93.76     	64.02     	87.52     	4.63      
63.50     	93.77     	64.53     	87.33     	4.72      
64.00     	93.32     	64.87     	86.48     	4.78      
64.50     	91.59     	64.03     	84.87     	4.83      
65.00     	89.43     	62.87     	83.09     	4.87      
65.50     	88.01     	62.58     	81.94     	4.89      
66.00     	87.23     	63.04     	82.25     	4.90      
66.50     	86.74     	63.75     	84.42     	4.89      
67.00     	86.65     	64.68     	86.84     	4.88      
67.50     	87.04     	65.69     	88.02     	4.86      
68.00     	87.44     	66.05     	88.28     	4.83      
68.50     	87.47     	65.33     	88.10     	4.80      
69.00     	87.14     	64.04     	87.39     	4.77      
69.50     	86.57     	62.79     	86.15     	4.73      
70.00     	85.85     	62.03     	84.82     	4.70      
70.50     	85.08     	62.01     	83.82     	4.66      
71.00     	84.35     	62.25     	83.30     	4.64      
71.50     	83.67     	62.22     	83.30     	4.61      
72.00     	82.96     	61.93     	83.46     	4.59      
72.50     	82.10     	61.61     	83.40     	4.57      
73.00     	81.21     	61.49     	83.34     	4.56      
73.50     	80.53     	61.84     	83.74     	4.55      
74.00     	80.34     	62.67     	84.84     	4.54      
74.50     	80.90     	63.87     	86.72     	4.54      
75.00     	82.05     	65.54     	89.00     	4.53      
75.50     	83.44     	67.69     	91.18     	4.53      
76.00     	84.81     	69.55     	93.05     	4.53      
76.50     	85.91     	70.05     	94.44     	4.53      
77.00     	86.51     	69.09     	94.71     	4.53      
77.50     	86.46     	67.02     	93.10     	4.53      
78.00     	86.14     	64.69     	90.56     	4.53      
78.50     	86.15     	63.09     	88.83     	4.54      
79.00     	86.26     	62.24     	87.99     	4.54      
79.50     	85.72     	61.48     	86.97     	4.54      
80.00     	84.97     	61.32     	86.29     	4.54      
80.50     	85.31     	62.95     	87.56     	4.54      
81.00     	86.64     	65.52     	90.14     	4.54      
81.50     	88.15     	67.30     	92.27     	4.54      
82.00     	89.02     	67.60     	92.66     	4.54      
82.50     	88.87     	66.43     	90.94     	4.54      
83.00     	88.37     	64.78     	88.73     	4.54      
83.50     	88.11     	63.53     	87.48     	4.54      
84.00     	88.01     	63.00     	87.29     	4.55      
84.50     	87.86     	63.25     	87.92     	4.55      
85.00     	87.48     	63.72     	88.67     	4.55      
85.50     	86.74     	63.81     	88.82     	4.55      
86.00     	86.01     	63.94     	88.62     	4.55      
86.50     	85.73     	64.75     	88.59     	4.55      
87.00     	85.73     	65.74     	88.64     	4.56      
87.50     	85.56     	66.04     	88.40     	4.56      
88.00     	85.05     	65.62     	87.59     	4.57      
88.50     	84.25     	64.72     	86.21     	4.57      
89.00     	83.52     	63.51     	84.96     	4.57      
89.50     	83.26     	62.43     	84.38     	4.58      
90.00     	83.88     	62.45     	84.54     	4.58      
90.50     	85.28     	63.48     	85.38     	4.59      
91.00     	86.90     	64.49     	86.61     	4.59      
91.50     	88.18     	64.77     	87.36     	4.60      
92.00     	88.69     	63.91     	86.75     	4.60      
92.50     	88.61     	62.41     	85.19     	4.60      
93.00     	88.27     	60.94     	83.46     	4.61      
93.50     	87.71     	59.61     	81.77     	4.61      
94.00     	86.89     	58.37     	80.17     	4.61      
94.50     	85.93     	57.33     	78.81     	4.62      
95.00     	85.02     	56.71     	77.87     	4.62      
95.50     	83.97     	56.48     	77.24     	4.62      
96.00     	82.43     	56.53     	76.62     	4.62      
96.50     	80.87     	56.92     	76.50     	4.62      
97.00     	80.30     	57.79     	77.78     	4.62      
97.50     	80.63     	59.02     	80.00     	4.62      
98.00     	81.04     	60.31     	81.84     	4.62      
98.50     	81.27     	61.35     	82.97     	4.62      
99.00     	81.32     	61.88     	83.61     	4.61      
99.50     	81.29     	62.00     	83.76     	4.61      
100.00    	81.28     	62.01     	83.36     	4.60      
100.50    	81.13     	61.86     	82.62     	4.59      
101.00    	80.54     	61.31     	81.91     	4.59      
101.50    	79.73     	60.59     	81.49     	4.58      
102.00    	79.20     	60.19     	81.48     	4.57      
102.50    	79.09     	60.21     	81.89     	4.56      
103.00    	79.19     	60.39     	82.57     	4.55      
103.50    	79.66     	60.73     	83.54     	4.54      
104.00    	80.90     	61.48     	84.89     	4.53      
104.50    	82.74     	62.39     	86.22     	4.52      
105.00    	84.62     	62.95     	86.86     	4.51      
105.50    	86.17     	63.01     	86.66     	4.50      
106.00    	87.16     	62.70     	85.87     	4.49      
106.50    	87.61     	62.30     	84.88     	4.48      
107.00    	87.75     	62.17     	84.18     	4.48      
107.50    	87.64     	62.16     	83.89     	4.48      
108.00    	87.23     	61.72     	83.80     	4.47      
108.50    	86.47     	60.86     	83.70     	4.47      
109.00    	85.31     	60.33     	83.43     	4.48      
109.50    	83.92     	60.43     	82.88     	4.48      
110.00    	82.92     	60.59     	82.11     	4.48      
110.50    	82.60     	60.55     	81.31     	4.49      
111.00    	82.67     	60.84     	80.96     	4.49      
111.50    	82.83     	61.56     	81.11     	4.49      
112.00    	82.89     	61.98     	80.99     	4.49      
112.50    	82.78     	61.76     	80.24     	4.50      
113.00    	82.57     	61.46     	79.32     	4.50      
113.50    	82.34     	61.45     	78.68     	4.50      
114.00    	81.90     	61.40     	78.40     	4.49      
114.50    	81.16     	61.03     	78.40     	4.49      
115.00    	80.22     	60.55     	78.28     	4.48      
115.50    	79.27     	60.31     	77.86     	4.47      
116.00    	78.58     	60.62     	77.99     	4.46      
116.50    	78.41     	61.65     	79.48     	4.45      
117.00    	78.67     	62.97     	81.62     	4.44      
117.50    	79.20     	64.02     	83.43     	4.44      
118.00    	79.83     	64.74     	84.76     	4.43      
118.50    	80.38     	65.09     	85.61     	4.42      
119.00    	80.69     	64.90     	85.86     	4.42      
119.50    	80.66     	64.01     	85.42     	4.42      
120.00    	80.56     	62.99     	84.92     	4.42      
120.50    	80.74     	62.53     	85.09     	4.42      
121.00    	81.02     	62.53     	85.60     	4.43      
121.50    	81.02     	62.52     	85.67     	4.44      
122.00    	81.00     	62.62     	85.68     	4.45      
122.50    	81.58     	63.33     	86.66     	4.46      
123.00    	83.06     	64.58     	88.60     	4.47      
123.50    	85.42     	66.00     	90.87     	4.49      
124.00    	88.16     	67.26     	93.09     	4.50      
124.50    	90.58     	68.04     	94.89     	4.51      
125.00    	92.24     	67.98     	95.54     	4.53      
125.50    	92.92     	66.82     	94.29     	4.54      
126.00    	93.00     	65.32     	91.74     	4.55      
126.50    	93.15     	64.65     	89.04     	4.56      
127.00    	93.44     	64.91     	87.10     	4.57      
127.50    	93.57     	65.37     	86.61     	4.58      
128.00    	93.34     	65.57     	87.29     	4.58      
128.50    	92.71     	65.38     	87.72     	4.59      
129.00    	91.73     	64.92     	87.21     	4.59      
129.50    	90.61     	64.55     	86.26     	4.59      
130.00    	89.40     	64.38     	85.32     	4.59      
130.50    	87.95     	64.13     	84.58     	4.59      
131.00    	86.52     	64.01     	84.31     	4.59      
131.50    	85.91     	64.99     	84.95     	4.59      
132.00    	86.16     	67.01     	86.44     	4.58      
132.50    	86.45     	68.84     	88.25     	4.58      
133.00    	86.38     	69.86     	89.76     	4.58      
133.50    	86.02     	70.10     	90.33     	4.58      
134.00    	85.54     	69.88     	90.14     	4.57      
134.50    	85.18     	69.78     	90.15     	4.57      
135.00    	85.11     	70.10     	90.87     	4.57      
135.50    	85.37     	70.69     	92.08     	4.57      
136.00    	85.81     	71.34     	93.34     	4.57      
136.50    	85.96     	71.76     	93.98     	4.57      
137.00    	85.63     	71.85     	93.77     	4.58      
137.50    	85.14     	71.69     	93.14     	4.58      
138.00    	84.76     	71.52     	92.65     	4.58      
138.50    	84.63     	71.71     	92.86     	4.59      
139.00    	84.82     	72.41     	93.81     	4.59      
139.50    	85.31     	73.39     	94.78     	4.59      
140.00    	85.91     	74.15     	95.25     	4.60      
140.50    	86.25     	74.01     	95.03     	4.60      
141.00    	86.22     	72.89     	94.12     	4.60      
141.50    	86.02     	71.43     	92.76     	4.61      
142.00    	85.75     	69.99     	91.25     	4.61      
142.50    	85.31     	68.52     	89.94     	4.61      
143.00    	84.66     	67.02     	89.05     	4.61      
143.50    	83.74     	65.70     	88.43     	4.61      
144.00    	82.60     	64.78     	87.90     	4.61      
144.50    	81.41     	64.10     	87.31     	4.61      
145.00    	80.37     	63.56     	86.62     	4.61      
145.50    	79.59     	63.43     	86.13     	4.61      
146.00    	79.15     	63.97     	86.17     	4.61      
146.50    	79.27     	65.00     	86.54     	4.61      
147.00    	80.05     	66.15     	86.88     	4.61      
147.50    	80.85     	66.98     	86.91     	4.61      
148.00    	80.99     	67.12     	86.45     	4.61      
148.50    	80.78     	66.79     	85.64     	4.61      
149.00    	80.75     	66.32     	84.75     	4.62      
149.50    	80.72     	65.86     	83.96     	4.62      
150.00    	80.25     	65.46     	83.43     	4.63      
150.50    	79.49     	65.17     	83.20     	4.63      
151.00    	78.90     	65.02     	83.22     	4.64      
151.50    	78.51     	64.73     	83.38     	4.65      
152.00    	78.14     	63.90     	83.54     	4.65      
152.50    	78.30     	63.22     	84.37     	4.66      
153.00    	79.94     	63.99     	86.91     	4.67      
153.50    	82.56     	65.65     	90.10     	4.67      
154.00    	84.89     	66.56     	91.86     	4.68      
154.50    	86.59     	66.20     	92.00     	4.69      
155.00    	87.77     	64.73     	91.14     	4.69      
155.50    	88.62     	63.22     	89.91     	4.70      
156.00    	89.31     	62.89     	88.83     	4.70      
156.50    	89.80     	63.38     	87.87     	4.71      
157.00    	89.96     	63.61     	86.70     	4.71      
157.50    	89.66     	63.25     	85.30     	4.71      
158.00    	88.81     	62.70     	83.89     	4.71      
158.50    	87.48     	62.23     	82.63     	4.70      
159.00    	86.01     	61.79     	81.49     	4.70      
159.50    	84.71     	61.39     	80.49     	4.69      
160.00    	83.51     	61.61     	80.03     	4.69      
160.50    	82.33     	62.92     	80.51     	4.68      
161.00    	81.30     	64.42     	81.72     	4.66      
161.50    	80.68     	64.95     	83.29     	4.65      
162.00    	80.51     	64.96     	84.82     	4.63      
162.50    	80.73     	65.50     	85.98     	4.61      
163.00    	81.06     	66.47     	86.79     	4.59      
163.50    	81.10     	67.12     	87.47     	4.56      
164.00    	80.87     	67.20     	88.04     	4.54      
164.50    	80.69     	66.85     	88.38     	4.52      
165.00    	80.63     	66.37     	88.52     	4.50      
165.50    	80.44     	66.21     	88.61     	4.48      
166.00    	80.13     	66.47     	88.89     	4.47      
166.50    	80.15     	66.59     	89.63     	4.47      
167.00    	80.68     	66.30     	90.87     	4.47      
167.50    	81.26     	66.02     	92.09     	4.47      
168.00    	81.72     	65.75     	92.82     	4.48      
168.50    	82.31     	64.99     	92.77     	4.49      
169.00    	83.19     	63.85     	92.18     	4.50      
169.50    	84.34     	62.87     	91.58     	4.52      
170.00    	85.50     	62.27     	90.46     	4.54      
170.50    	86.33     	61.98     	88.25     	4.56      
171.00    	86.70     	61.57     	85.47     	4.58      
171.50    	86.55     	60.68     	82.91     	4.60      
172.00    	86.13     	59.84     	81.12     	4.62      
172.50    	85.71     	59.65     	80.54     	4.64      
173.00    	85.17     	59.86     	80.83     	4.66      
173.50    	84.26     	59.88     	81.31     	4.68      
174.00    	82.99     	59.60     	81.65     	4.70      
174.50    	81.63     	59.29     	81.77     	4.71      
175.00    	80.26     	59.07     	81.61     	4.72      
175.50    	78.67     	58.86     	81.13     	4.73      
176.00    	76.89     	58.71     	80.51     	4.73      
176.50    	75.62     	59.00     	80.52     	4.74      
177.00    	75.47     	60.04     	81.74     	4.74      
177.50    	76.30     	61.74     	83.76     	4.74      
178.00    	77.75     	63.80     	85.98     	4.74      
178.50    	79.31     	65.63     	87.82     	4.74      
179.00    	80.52     	66.72     	88.75     	4.73      
179.50    	81.33     	67.01     	88.55     	4.72      
180.00    	81.79     	66.64     	87.19     	4.71      
180.50    	82.07     	65.99     	85.44     	4.70      
181.00    	82.28     	65.44     	84.13     	4.69      
181.50    	82.27     	64.92     	83.27     	4.68      
182.00    	81.84     	64.25     	82.56     	4.66      
182.50    	81.23     	63.70     	82.06     	4.64      
183.00    	80.85     	63.70     	81.98     	4.63      
183.50    	80.87     	64.18     	82.52     	4.61      
184.00    	81.32     	64.84     	83.79     	4.60      
184.50    	81.84     	65.32     	85.31     	4.58      
185.00    	81.99     	65.30     	86.46     	4.56      
185.50    	81.79     	64.89     	87.11     	4.55      
186.00    	81.46     	64.34     	87.39     	4.54      
186.50    	81.08     	63.72     	87.35     	4.53      
187.00    	80.67     	62.99     	87.01     	4.52      
187.50    	80.20     	62.36     	86.56     	4.51      
188.00    	79.58     	62.25     	86.28     	4.50      
188.50    	78.83     	62.61     	86.17     	4.50      
189.00    	78.04     	62.79     	85.82     	4.50      
189.50    	77.48     	62.74     	85.32     	4.50      
190.00    	77.55     	63.28     	85.43     	4.50      
190.50    	78.41     	64.64     	86.36     	4.51      
191.00    	79.79     	66.13     	87.36     	4.51      
191.50    	81.33     	67.16     	87.86     	4.52      
192.00    	82.62     	67.43     	87.60     	4.52      
192.50    	83.53     	67.04     	86.65     	4.53      
193.00    	84.37     	66.60     	85.51     	4.54      
193.50    	85.24     	66.35     	84.57     	4.55      
194.00    	85.86     	65.80     	83.92     	4.56      
194.50    	86.00     	64.68     	83.59     	4.57      
195.00    	85.67     	63.39     	83.37     	4.58      
195.50    	84.97     	62.39     	83.18     	4.59      
196.00    	84.32     	61.85     	83.28     	4.60      
196.50    	84.04     	61.81     	83.85     	4.61      
197.00    	83.67     	61.79     	84.24     	4.62      
197.50    	82.74     	61.32     	83.75     	4.63      
198.00    	81.98     	60.97     	83.13     	4.63      
198.50    	82.37     	61.57     	83.50     	4.64      
199.00    	83.78     	63.08     	84.95     	4.65      
199.50    	85.72     	65.13     	87.14     	4.66      
200.00    	87.84     	67.08     	89.29     	4.66      
200.50    	89.76     	68.38     	90.66     	4.67      
201.00    	90.97     	68.72     	90.76     	4.68      
201.50    	91.39     	68.28     	89.81     	4.68      
202.00    	91.67     	67.97     	89.06     	4.68      
202.50    	92.26     	68.32     	89.41     	4.69      
203.00    	93.12     	69.08     	90.79     	4.69      
203.50    	93.88     	69.84     	92.55     	4.69      
204.00    	93.62     	70.06     	92.82     	4.69      
204.50    	92.05     	69.51     	90.92     	4.69      
205.00    	90.08     	68.57     	88.46     	4.69      
205.50    	88.40     	67.49     	86.53     	4.68      
206.00    	87.18     	66.29     	85.22     	4.68      
206.50    	86.36     	65.05     	84.46     	4.68      
207.00    	85.64     	63.96     	84.07     	4.67      
207.50    	85.00     	63.13     	84.00     	4.67      
208.00    	84.64     	62.59     	84.39     	4.66      
208.50    	84.42     	62.16     	85.00     	4.65      
209.00    	83.81     	61.45     	85.22     	4.65      
209.50    	82.76     	60.53     	84.88     	4.64      
210.00    	81.78     	59.96     	84.28     	4.63      
210.50    	81.14     	60.04     	83.74     	4.63      
211.00    	80.67     	60.55     	83.44     	4.62      
211.50    	80.28     	61.23     	83.67     	4.61      
212.00    	80.08     	61.84     	84.92     	4.60      
212.50    	80.28     	62.33     	87.29     	4.60      
213.00    	81.18     	63.09     	89.97     	4.59      
213.50    	82.67     	64.11     	92.06     	4.59      
214.00    	83.85     	64.56     	92.80     	4.58      
214.50    	84.25     	64.02     	91.96     	4.57      
215.00    	84.26     	62.95     	90.19     	4.57      
215.50    	84.19     	61.77     	88.04     	4.56      
216.00    	84.02     	60.63     	85.66     	4.56      
216.50    	83.69     	59.65     	83.19     	4.56      
217.00    	83.18     	58.93     	81.11     	4.55      
217.50    	82.46     	58.53     	79.82     	4.55      
218.00    	81.60     	58.25     	79.18     	4.55      
218.50    	80.79     	57.96     	79.06     	4.55      
219.00    	80.73     	58.28     	79.83     	4.55      
219.50    	81.93     	59.65     	81.70     	4.55      
220.00    	83.56     	61.02     	83.51     	4.55      
220.50    	84.91     	61.58     	84.36     	4.55      
221.00    	86.24     	61.83     	84.62     	4.55      
221.50    	87.59     	62.04     	84.62     	4.55      
222.00    	88.46     	61.79     	84.38     	4.55      
222.50    	88.55     	60.98     	83.87     	4.56      
223.00    	87.99     	60.02     	82.98     	4.56      
223.50    	86.99     	59.26     	81.82     	4.56      
224.00    	85.87     	58.69     	80.99     	4.56      
224.50    	84.90     	58.29     	80.92     	4.56      
225.00    	83.99     	58.12     	81.35     	4.55      
225.50    	83.00     	58.26     	81.86     	4.55      
226.00    	81.96     	58.62     	82.34     	4.55      
226.50    	80.96     	59.05     	82.79     	4.55      
227.00    	80.22     	59.50     	83.40     	4.55      
227.50    	80.02     	59.99     	84.45     	4.55      
228.00    	80.42     	60.84     	86.05     	4.55      
228.50    	81.35     	62.42     	88.13     	4.54      
229.00    	82.64     	64.10     	90.21     	4.54      
229.50    	84.08     	64.87     	91.62     	4.54      
230.00    	85.38     	64.76     	92.14     	4.54      
230.50    	86.20     	64.20     	91.79     	4.54      
231.00    	86.56     	63.46     	90.80     	4.54      
231.50    	86.58     	62.63     	89.49     	4.54      
232.00    	86.35     	61.75     	88.04     	4.55      
232.50    	85.92     	60.81     	86.55     	4.55      
233.00    	85.34     	60.02     	85.21     	4.55      
233.50    	84.62     	59.79     	84.30     	4.56      
234.00    	83.76     	59.99     	83.73     	4.56      
234.50    	82.73     	59.73     	83.00     	4.57      
235.00    	81.76     	59.02     	82.23     	4.57      
235.50    	81.58     	59.39     	82.66     	4.58      
236.00    	82.49     	61.29     	84.87     	4.59      
236.50    	84.08     	63.34     	88.31     	4.60      
237.00    	85.89     	64.86     	91.65     	4.60      
237.50    	87.46     	65.89     	93.18     	4.61      
238.00    	88.54     	66.37     	92.74     	4.62      
238.50    	89.06     	66.19     	91.14     	4.62      
239.00    	89.22     	65.74     	89.28     	4.63      
239.50    	89.36     	65.65     	88.06     	4.63      
240.00    	89.55     	65.84     	87.66     	4.64      
240.50    	89.66     	65.60     	87.61     	4.64      
241.00    	89.44     	64.75     	87.49     	4.64      
241.50    	88.57     	63.66     	86.95     	4.64      
242.00    	87.16     	62.58     	85.89     	4.64      
242.50    	85.81     	61.53     	84.46     	4.64      
243.00    	84.81     	60.76     	83.11     	4.64      
243.50    	84.12     	60.80     	82.52     	4.63      
244.00    	83.66     	61.43     	82.77     	4.63      
244.50    	83.37     	61.82     	83.36     	4.63      
245.00    	83.32     	61.98     	83.86     	4.63      
245.50    	83.60     	62.41     	84.00     	4.62      
246.00    	83.86     	62.72     	83.71     	4.62      
246.50    	83.59     	62.19     	83.07     	4.62      
247.00    	82.92     	61.09     	82.29     	4.62      
247.50    	82.27     	60.20     	81.65     	4.62      
248.00    	81.77     	59.84     	81.39     	4.62      
248.50    	81.30     	59.89     	81.74     	4.62      
249.00    	80.73     	60.01     	82.36     	4.62      
249.50    	79.92     	59.64     	82.27     	4.62      
250.00    	78.98     	58.76     	81.36     	4.63      
250.50    	78.41     	58.27     	81.05     	4.63      
251.00    	78.57     	58.70     	82.04     	4.64      
251.50    	79.58     	59.76     	83.61     	4.64      
252.00    	81.22     	60.99     	85.06     	4.64      
252.50    	82.90     	61.78     	85.96     	4.65      
253.00    	84.19     	61.75     	86.03     	4.65      
253.50    	84.93     	60.92     	85.12     	4.65      
254.00    	85.12     	59.62     	83.52     	4.66      
254.50    	85.02     	58.65     	82.01     	4.66      
255.00    	84.78     	58.43     	81.08     	4.66      
255.50    	84.42     	58.62     	80.41     	4.65      
256.00    	83.85     	58.75     	79.62     	4.65      
256.50    	82.89     	58.50     	78.60     	4.65      
257.00    	81.42     	57.67     	77.40     	4.64      
257.50    	79.98     	56.82     	76.62     	4.64      
258.00    	79.25     	56.68     	77.00     	4.63      
258.50    	79.14     	57.21     	78.11     	4.62      
259.00    	79.22     	58.03     	79.09     	4.61      
259.50    	79.21     	58.66     	79.64     	4.61      
260.00    	78.93     	58.63     	79.78     	4.60      
260.50    	78.38     	58.20     	79.78     	4.60      
261.00    	77.75     	58.24     	80.05     	4.59      
261.50    	77.10     	58.82     	80.43     	4.59      
262.00    	76.29     	58.84     	79.95     	4.59      
262.50    	75.49     	58.09     	78.56     	4.59      
263.00    	75.41     	58.36     	78.18     	4.59      
263.50    	76.31     	60.36     	79.68     	4.60      
264.00    	77.36     	62.09     	81.32     	4.60      
264.50    	77.95     	62.16     	81.77     	4.60      
265.00    	78.22     	61.17     	81.10     	4.61      
265.50    	78.33     	59.78     	79.70     	4.61      
266.00    	78.17     	58.22     	78.39     	4.61      
266.50    	77.67     	56.70     	77.84     	4.61      
267.00    	76.95     	55.63     	77.74     	4.61      
267.50    	76.20     	55.44     	77.55     	4.61      
268.00    	75.52     	55.90     	77.55     	4.61      
268.50    	74.99     	56.50     	78.43     	4.60      
269.00    	74.82     	57.43     	80.19     	4.60      
269.50    	75.34     	59.31     	82.28     	4.59      
270.00    	76.47     	61.68     	84.39     	4.58      
270.50    	77.90     	63.33     	86.39     	4.58      
271.00    	79.14     	63.75     	87.66     	4.57      
271.50    	79.68     	62.99     	87.30     	4.56      
272.00    	79.57     	61.53     	85.69     	4.55      
272.50    	79.45     	60.17     	84.40     	4.55      
273.00    	79.53     	59.34     	84.01     	4.54      
273.50    	79.38     	58.84     	83.48     	4.54      
274.00    	78.72     	58.39     	82.07     	4.53      
274.50    	77.71     	57.57     	80.14     	4.53      
275.00    	76.62     	56.22     	78.20     	4.53      
275.50    	75.85     	55.16     	76.85     	4.53      
276.00    	75.68     	55.20     	76.58     	4.53      
276.50    	75.99     	56.09     	77.33     	4.53      
277.00    	76.53     	57.31     	78.85     	4.53      
277.50    	77.10     	58.43     	80.59     	4.53      
278.00    	77.51     	59.09     	81.96     	4.54      
278.50    	77.76     	59.32     	82.83     	4.54      
279.00    	77.95     	59.37     	83.32     	4.55      
279.50    	78.06     	59.42     	83.47     	4.56      
280.00    	77.97     	59.57     	83.27     	4.56      
280.50    	77.65     	59.83     	82.84     	4.57      
281.00    	77.27     	60.00     	82.63     	4.58      
281.50    	77.00     	59.97     	82.95     	4.59      
282.00    	76.88     	60.04     	83.57     	4.60      
282.50    	76.95     	60.48     	84.19     	4.60      
283.00    	77.24     	61.19     	84.63     	4.61      
283.50    	77.77     	61.99     	84.77     	4.61      
284.00    	78.43     	62.55     	84.69     	4.61      
284.50    	79.06     	62.58     	84.53     	4.61      
285.00    	79.87     	62.34     	84.28     	4.61      
285.50    	81.17     	62.36     	83.83     	4.60      
286.00    	82.53     	62.44     	83.06     	4.60      
286.50    	82.86     	61.74     	81.82     	4.58      
287.00    	82.15     	60.34     	80.56     	4.57      
287.50    	81.63     	59.40     	80.44     	4.55      
288.00    	81.91     	59.49     	81.63     	4.53      
288.50    	82.57     	60.32     	83.03     	4.51      
289.00    	83.42     	61.43     	84.03     	4.48      
289.50    	84.71     	62.26     	85.00     	4.46      
290.00    	86.44     	62.41     	85.93     	4.44      
290.50    	88.11     	61.84     	85.96     	4.42      
291.00    	89.25     	60.71     	84.59     	4.41      
291.50    	89.76     	59.62     	82.69     	4.39      
292.00    	89.67     	59.18     	81.26     	4.38      
292.50    	89.26     	59.35     	80.80     	4.38      
293.00    	88.89     	59.90     	81.56     	4.38      
293.50    	88.31     	60.29     	82.66     	4.38      
294.00    	86.97     	59.83     	82.59     	4.38      
294.50    	85.15     	59.00     	81.53     	4.39      
295.00    	83.98     	59.43     	81.25     	4.40      
295.50    	83.80     	61.09     	82.22     	4.41      
296.00    	84.06     	62.07     	83.25     	4.42      
296.50    	84.45     	62.03     	83.78     	4.44      
297.00    	85.09     	62.51     	84.03     	4.45      
297.50    	85.82     	63.83     	84.14     	4.47      
298.00    	86.26     	64.86     	84.10     	4.49      
298.50    	86.30     	65.14     	84.05     	4.50      
299.00    	86.29     	65.23     	84.29     	4.52      
299.50    	86.35     	65.59     	84.93     	4.54      
300.00    	86.21     	66.33     	85.58     	4.56      
300.50    	85.79     	67.34     	86.04     	4.57      
301.00    	85.58     	67.94     	86.57     	4.59      
301.50    	85.75     	67.74     	87.25     	4.61      
302.00    	85.49     	67.29     	87.48     	4.62      
302.50    	84.36     	66.97     	86.88     	4.63      
303.00    	83.18     	66.32     	85.78     	4.65      
303.50    	82.37     	65.07     	84.49     	4.66      
304.00    	81.32     	63.38     	83.11     	4.67      
304.50    	79.99     	61.80     	81.95     	4.68      
305.00    	79.30     	61.34     	81.72     	4.68      
305.50    	79.61     	62.21     	82.75     	4.69      
306.00    	80.49     	63.63     	84.85     	4.70      
306.50    	81.53     	65.16     	87.27     	4.70      
307.00    	82.34     	66.57     	88.93     	4.71      
