Time      	MABP      	CBFV-L    	CBFV-R    	etCO2     
0.00      	105.32    	70.76     	66.20     	6.40      
0.50      	106.54    	70.94     	66.56     	6.40      
1.00      	107.98    	69.94     	67.18     	6.40      
1.50      	108.57    	70.21     	67.61     	6.40      
2.00      	108.64    	71.26     	67.92     	6.40      
2.50      	108.75    	71.90     	67.86     	6.40      
3.00      	108.76    	72.36     	67.77     	6.40      
3.50      	108.28    	72.18     	67.80     	6.40      
4.00      	108.04    	72.46     	67.74     	6.40      
4.50      	108.13    	73.34     	67.55     	6.40      
5.00      	107.90    	72.54     	67.71     	6.40      
5.50      	107.73    	71.28     	68.02     	6.40      
6.00      	108.34    	70.21     	68.54     	6.40      
6.50      	109.32    	70.65     	69.04     	6.40      
7.00      	110.51    	71.65     	69.29     	6.40      
7.50      	111.66    	70.40     	68.22     	6.40      
8.00      	112.73    	71.20     	68.31     	6.40      
8.50      	113.80    	72.77     	68.96     	6.39      
9.00      	115.12    	72.04     	69.06     	6.39      
9.50      	116.52    	71.69     	68.59     	6.38      
10.00     	118.00    	71.63     	67.66     	6.38      
10.50     	117.34    	70.53     	66.19     	6.37      
11.00     	116.33    	69.26     	64.66     	6.36      
11.50     	114.51    	68.54     	64.08     	6.36      
12.00     	112.78    	67.88     	63.69     	6.35      
12.50     	111.48    	67.46     	64.21     	6.35      
13.00     	110.27    	67.62     	64.63     	6.34      
13.50     	109.23    	68.75     	64.88     	6.34      
14.00     	108.14    	69.22     	64.57     	6.33      
14.50     	107.04    	69.38     	64.01     	6.32      
15.00     	106.87    	68.98     	64.56     	6.32      
15.50     	106.90    	68.82     	65.16     	6.31      
16.00     	107.27    	69.30     	65.77     	6.31      
16.50     	108.31    	70.05     	66.27     	6.30      
17.00     	109.69    	70.94     	66.71     	6.30      
17.50     	110.83    	71.49     	67.12     	6.29      
18.00     	111.81    	72.02     	67.32     	6.29      
18.50     	112.44    	72.50     	67.07     	6.29      
19.00     	112.67    	72.65     	66.71     	6.28      
19.50     	112.58    	72.51     	66.28     	6.28      
20.00     	111.68    	71.77     	65.75     	6.28      
20.50     	110.40    	70.75     	65.17     	6.27      
21.00     	108.99    	69.70     	65.10     	6.27      
21.50     	107.53    	68.63     	65.16     	6.27      
22.00     	106.40    	69.67     	65.36     	6.26      
22.50     	105.16    	70.47     	65.52     	6.26      
23.00     	103.39    	69.82     	65.50     	6.25      
23.50     	102.76    	70.48     	65.80     	6.25      
24.00     	103.51    	72.73     	66.48     	6.25      
24.50     	105.38    	74.08     	68.03     	6.25      
25.00     	107.50    	75.07     	69.64     	6.26      
25.50     	108.75    	75.05     	69.45     	6.26      
26.00     	110.17    	75.25     	69.25     	6.27      
26.50     	111.79    	75.71     	69.05     	6.27      
27.00     	112.56    	75.00     	68.46     	6.27      
27.50     	112.89    	73.67     	67.67     	6.28      
28.00     	112.83    	72.56     	67.31     	6.28      
28.50     	112.65    	71.57     	66.94     	6.28      
29.00     	112.10    	71.19     	66.04     	6.29      
29.50     	111.48    	70.75     	65.27     	6.29      
30.00     	110.75    	70.24     	64.68     	6.30      
30.50     	110.19    	69.46     	64.25     	6.30      
31.00     	109.69    	68.75     	63.88     	6.30      
31.50     	109.13    	69.26     	63.58     	6.31      
32.00     	108.32    	68.91     	63.21     	6.31      
32.50     	107.32    	67.97     	62.80     	6.31      
33.00     	106.33    	67.52     	62.36     	6.31      
33.50     	105.53    	67.10     	62.16     	6.31      
34.00     	105.24    	66.70     	62.62     	6.31      
34.50     	105.21    	66.79     	62.71     	6.31      
35.00     	105.38    	67.24     	62.52     	6.31      
35.50     	104.68    	66.32     	62.34     	6.31      
36.00     	103.76    	65.06     	62.16     	6.30      
36.50     	102.43    	65.31     	62.12     	6.30      
37.00     	101.21    	65.73     	62.18     	6.30      
37.50     	100.86    	66.76     	62.81     	6.30      
38.00     	100.68    	67.67     	63.61     	6.30      
38.50     	100.79    	68.39     	64.68     	6.30      
39.00     	100.57    	68.79     	65.33     	6.30      
39.50     	100.16    	69.00     	65.73     	6.30      
40.00     	100.88    	70.33     	66.62     	6.30      
40.50     	102.17    	71.87     	67.73     	6.29      
41.00     	104.58    	73.72     	69.30     	6.28      
41.50     	106.57    	73.89     	69.78     	6.27      
42.00     	108.35    	73.22     	69.72     	6.26      
42.50     	110.20    	74.00     	69.92     	6.25      
43.00     	111.71    	74.18     	69.82     	6.24      
43.50     	111.66    	71.28     	68.25     	6.23      
44.00     	111.26    	69.03     	66.82     	6.22      
44.50     	110.10    	68.19     	65.71     	6.21      
45.00     	109.11    	67.76     	64.79     	6.20      
45.50     	108.34    	67.84     	64.14     	6.19      
46.00     	107.56    	67.49     	63.41     	6.18      
46.50     	106.78    	66.90     	62.64     	6.17      
47.00     	106.01    	66.93     	63.00     	6.16      
47.50     	105.55    	66.90     	63.39     	6.15      
48.00     	106.20    	66.44     	63.49     	6.14      
48.50     	107.53    	66.84     	64.01     	6.14      
49.00     	109.36    	67.86     	64.83     	6.14      
49.50     	110.67    	69.90     	65.16     	6.15      
50.00     	111.75    	71.19     	65.17     	6.15      
50.50     	112.31    	70.31     	64.48     	6.15      
51.00     	112.58    	69.43     	64.25     	6.16      
51.50     	112.52    	68.55     	64.56     	6.16      
52.00     	111.97    	67.72     	63.96     	6.16      
52.50     	111.14    	66.90     	62.89     	6.17      
53.00     	109.85    	66.26     	62.19     	6.17      
53.50     	108.40    	65.68     	61.63     	6.17      
54.00     	107.22    	66.17     	61.27     	6.18      
54.50     	106.09    	66.85     	60.95     	6.18      
55.00     	104.87    	65.91     	60.58     	6.18      
55.50     	103.71    	64.86     	60.30     	6.19      
56.00     	102.74    	63.36     	60.33     	6.19      
56.50     	102.09    	63.06     	60.18     	6.19      
57.00     	101.82    	64.12     	59.80     	6.20      
57.50     	102.45    	65.19     	60.77     	6.20      
58.00     	103.45    	66.23     	62.06     	6.20      
58.50     	105.45    	67.09     	63.31     	6.20      
59.00     	107.26    	67.57     	64.08     	6.21      
59.50     	108.85    	67.61     	64.28     	6.21      
60.00     	110.36    	68.79     	64.85     	6.21      
60.50     	111.85    	70.34     	65.54     	6.21      
61.00     	111.80    	70.41     	64.86     	6.21      
61.50     	111.65    	70.31     	64.22     	6.21      
62.00     	110.62    	68.62     	64.05     	6.21      
62.50     	109.50    	67.16     	63.78     	6.22      
63.00     	107.94    	66.74     	63.03     	6.22      
63.50     	106.60    	66.40     	62.44     	6.22      
64.00     	105.80    	66.25     	62.19     	6.22      
64.50     	105.10    	65.48     	61.77     	6.22      
65.00     	104.54    	63.93     	61.15     	6.22      
65.50     	103.37    	63.32     	60.66     	6.23      
66.00     	101.78    	63.37     	60.28     	6.23      
66.50     	100.74    	63.64     	60.06     	6.23      
67.00     	99.90     	63.96     	59.93     	6.23      
67.50     	100.27    	63.98     	60.76     	6.23      
68.00     	101.05    	64.43     	61.80     	6.24      
68.50     	102.54    	65.62     	63.19     	6.24      
69.00     	104.19    	65.16     	64.01     	6.24      
69.50     	105.91    	63.97     	64.56     	6.25      
70.00     	106.85    	66.08     	64.25     	6.25      
70.50     	107.59    	68.02     	63.91     	6.25      
71.00     	107.05    	67.23     	63.68     	6.25      
71.50     	106.39    	66.45     	63.46     	6.26      
72.00     	105.20    	65.71     	63.33     	6.26      
72.50     	104.02    	65.25     	63.16     	6.26      
73.00     	102.85    	65.73     	62.80     	6.27      
73.50     	102.11    	65.90     	62.43     	6.27      
74.00     	102.23    	65.45     	62.06     	6.27      
74.50     	102.07    	65.19     	62.11     	6.28      
75.00     	101.66    	65.09     	62.57     	6.28      
75.50     	101.56    	64.49     	62.44     	6.28      
76.00     	101.58    	63.69     	62.09     	6.28      
76.50     	102.17    	64.96     	62.35     	6.29      
77.00     	102.99    	66.41     	62.84     	6.28      
77.50     	104.41    	68.30     	63.88     	6.27      
78.00     	105.86    	68.72     	64.49     	6.26      
78.50     	107.33    	67.97     	64.75     	6.25      
79.00     	108.09    	67.98     	64.51     	6.24      
79.50     	108.69    	68.16     	64.15     	6.23      
80.00     	108.41    	68.03     	63.48     	6.22      
80.50     	108.02    	67.87     	62.78     	6.21      
81.00     	107.11    	67.94     	62.14     	6.20      
81.50     	106.17    	67.91     	61.60     	6.19      
82.00     	105.10    	67.33     	61.70     	6.18      
82.50     	104.01    	66.78     	61.86     	6.17      
83.00     	102.88    	66.33     	62.18     	6.16      
83.50     	101.53    	66.89     	62.17     	6.15      
84.00     	100.02    	68.23     	61.92     	6.14      
84.50     	100.73    	68.60     	62.84     	6.14      
85.00     	101.92    	69.22     	63.86     	6.13      
85.50     	103.75    	71.03     	64.78     	6.13      
86.00     	105.54    	72.49     	66.03     	6.12      
86.50     	107.31    	73.71     	67.53     	6.12      
87.00     	108.39    	73.98     	67.46     	6.11      
87.50     	109.26    	73.83     	67.06     	6.11      
88.00     	109.36    	71.61     	65.77     	6.10      
88.50     	109.26    	70.10     	64.54     	6.10      
89.00     	108.82    	69.89     	63.40     	6.09      
89.50     	108.13    	69.62     	62.65     	6.09      
90.00     	107.26    	69.29     	62.20     	6.09      
90.50     	105.59    	68.38     	61.20     	6.08      
91.00     	103.80    	67.29     	60.10     	6.08      
91.50     	102.86    	66.10     	59.37     	6.07      
92.00     	102.50    	65.75     	59.29     	6.07      
92.50     	102.99    	66.65     	60.16     	6.06      
93.00     	104.02    	67.84     	61.44     	6.05      
93.50     	105.29    	69.00     	62.71     	6.04      
94.00     	107.23    	68.83     	62.26     	6.03      
94.50     	108.36    	68.69     	61.70     	6.01      
95.00     	107.94    	68.58     	60.92     	6.00      
95.50     	106.91    	67.93     	60.26     	5.99      
96.00     	105.22    	66.71     	59.71     	5.98      
96.50     	103.74    	66.36     	59.41     	5.97      
97.00     	102.38    	66.50     	59.23     	5.96      
97.50     	101.04    	66.20     	59.21     	5.95      
98.00     	99.73     	65.76     	59.22     	5.94      
98.50     	98.60     	64.95     	59.25     	5.93      
99.00     	98.10     	64.81     	59.42     	5.92      
99.50     	98.51     	65.64     	59.81     	5.92      
100.00    	99.88     	66.42     	60.76     	5.94      
100.50    	101.60    	67.16     	61.86     	5.96      
101.00    	103.49    	67.10     	61.74     	5.97      
101.50    	104.87    	66.79     	61.50     	5.99      
102.00    	104.59    	65.62     	60.90     	6.01      
102.50    	104.09    	64.34     	60.18     	6.02      
103.00    	102.51    	62.52     	58.88     	6.04      
103.50    	100.99    	60.92     	57.69     	6.06      
104.00    	99.98     	61.13     	57.34     	6.07      
104.50    	98.98     	61.37     	57.07     	6.09      
105.00    	97.99     	62.11     	58.14     	6.10      
105.50    	97.25     	62.93     	59.10     	6.12      
106.00    	97.55     	64.07     	59.59     	6.14      
106.50    	97.64     	65.04     	59.90     	6.15      
107.00    	97.48     	65.82     	59.99     	6.17      
107.50    	98.77     	66.83     	60.77     	6.16      
108.00    	100.52    	67.97     	61.79     	6.14      
108.50    	102.72    	69.47     	63.12     	6.11      
109.00    	104.80    	70.39     	63.66     	6.09      
109.50    	106.73    	70.57     	63.17     	6.07      
110.00    	107.41    	69.53     	62.07     	6.04      
110.50    	107.41    	67.82     	60.65     	6.02      
111.00    	106.54    	66.57     	59.82     	5.99      
111.50    	105.38    	65.46     	59.19     	5.97      
112.00    	104.17    	65.34     	58.60     	5.95      
112.50    	102.95    	65.39     	58.01     	5.92      
113.00    	100.91    	64.81     	57.65     	5.90      
113.50    	99.19     	64.41     	57.37     	5.88      
114.00    	99.19     	64.98     	57.43     	5.85      
114.50    	99.30     	65.51     	58.02     	5.87      
115.00    	99.55     	65.99     	59.26     	5.88      
115.50    	101.24    	67.99     	60.44     	5.90      
116.00    	103.34    	70.30     	61.51     	5.91      
116.50    	104.77    	70.17     	61.27     	5.93      
117.00    	105.75    	69.78     	60.88     	5.94      
117.50    	105.51    	68.66     	60.11     	5.96      
118.00    	105.31    	67.73     	59.67     	5.97      
118.50    	105.16    	67.06     	59.67     	5.98      
119.00    	104.83    	66.14     	59.65     	6.00      
119.50    	104.39    	65.04     	59.63     	6.01      
120.00    	103.47    	64.65     	59.01     	6.03      
120.50    	102.45    	64.45     	58.28     	6.04      
121.00    	101.55    	65.05     	58.12     	6.06      
121.50    	101.07    	65.72     	58.10     	6.07      
122.00    	101.32    	66.49     	58.35     	6.07      
122.50    	102.57    	67.47     	59.33     	6.07      
123.00    	104.24    	68.50     	60.57     	6.06      
123.50    	106.10    	69.22     	60.95     	6.06      
124.00    	107.84    	69.64     	61.09     	6.06      
124.50    	109.42    	69.62     	60.86     	6.05      
125.00    	109.23    	68.54     	60.41     	6.05      
125.50    	108.29    	67.00     	59.87     	6.05      
126.00    	106.72    	66.41     	59.44     	6.04      
126.50    	105.01    	66.01     	59.03     	6.04      
127.00    	103.85    	65.71     	58.81     	6.03      
127.50    	102.69    	65.38     	58.57     	6.03      
128.00    	101.02    	64.76     	57.96     	6.03      
128.50    	99.38     	64.15     	57.28     	6.02      
129.00    	97.84     	63.60     	56.41     	6.02      
129.50    	96.63     	62.84     	55.58     	6.02      
130.00    	95.74     	61.86     	54.78     	6.01      
130.50    	95.51     	62.38     	55.52     	6.01      
131.00    	95.85     	63.29     	56.72     	6.02      
131.50    	98.49     	64.41     	58.38     	6.02      
132.00    	101.03    	65.30     	59.25     	6.03      
132.50    	103.45    	65.97     	59.35     	6.03      
133.00    	104.34    	65.60     	58.79     	6.03      
133.50    	104.78    	64.92     	58.03     	6.04      
134.00    	103.86    	63.06     	57.68     	6.04      
134.50    	102.90    	61.45     	57.35     	6.05      
135.00    	101.89    	61.58     	56.98     	6.05      
135.50    	100.75    	61.70     	56.62     	6.05      
136.00    	99.30     	61.80     	56.27     	6.06      
136.50    	97.80     	61.45     	56.21     	6.06      
137.00    	96.24     	60.59     	56.46     	6.07      
137.50    	95.22     	60.98     	57.01     	6.07      
138.00    	94.43     	61.93     	57.69     	6.07      
138.50    	94.55     	63.71     	58.72     	6.06      
139.00    	94.92     	65.28     	59.64     	6.06      
139.50    	95.96     	65.61     	59.89     	6.05      
140.00    	96.51     	65.76     	60.09     	6.04      
140.50    	96.34     	65.63     	60.21     	6.03      
141.00    	95.64     	65.41     	59.91     	6.02      
141.50    	94.47     	65.12     	59.25     	6.01      
142.00    	93.61     	65.20     	59.61     	6.00      
142.50    	92.90     	65.44     	60.44     	5.99      
143.00    	92.67     	66.38     	61.51     	5.99      
143.50    	92.49     	67.26     	62.40     	5.98      
144.00    	92.19     	67.26     	62.10     	5.97      
144.50    	92.36     	67.36     	62.02     	5.96      
145.00    	93.09     	67.57     	62.22     	5.95      
145.50    	94.28     	68.43     	63.30     	5.94      
146.00    	95.64     	69.56     	64.75     	5.93      
146.50    	98.12     	70.45     	64.87     	5.93      
147.00    	100.37    	71.01     	64.77     	5.92      
147.50    	101.13    	69.57     	63.46     	5.91      
148.00    	101.61    	68.21     	62.22     	5.90      
148.50    	101.18    	67.15     	61.23     	5.89      
149.00    	100.37    	66.13     	60.45     	5.88      
149.50    	98.82     	65.20     	60.12     	5.87      
150.00    	97.10     	64.63     	59.63     	5.86      
150.50    	95.17     	64.52     	58.96     	5.85      
151.00    	94.41     	64.77     	59.58     	5.85      
151.50    	94.27     	65.22     	60.89     	5.85      
152.00    	96.07     	67.17     	62.84     	5.87      
152.50    	98.13     	68.91     	64.47     	5.88      
153.00    	100.66    	69.74     	65.01     	5.89      
153.50    	102.06    	69.65     	64.93     	5.90      
154.00    	102.06    	68.43     	64.07     	5.91      
154.50    	101.88    	67.45     	63.52     	5.93      
155.00    	101.54    	66.69     	63.25     	5.94      
155.50    	100.96    	66.68     	63.30     	5.95      
156.00    	100.25    	67.05     	63.52     	5.96      
156.50    	100.05    	66.81     	63.43     	5.97      
157.00    	99.95     	66.41     	63.26     	5.99      
157.50    	99.71     	65.80     	62.87     	6.00      
158.00    	99.57     	65.41     	62.56     	6.01      
158.50    	99.74     	65.81     	62.51     	6.02      
159.00    	100.01    	66.34     	62.76     	6.02      
159.50    	100.44    	67.08     	63.47     	6.01      
160.00    	100.91    	67.03     	63.34     	6.01      
160.50    	101.41    	66.28     	62.48     	6.01      
161.00    	101.15    	66.22     	61.95     	6.01      
161.50    	100.30    	66.70     	61.68     	6.00      
162.00    	98.71     	66.39     	61.19     	6.00      
162.50    	96.70     	65.61     	60.58     	6.00      
163.00    	95.50     	66.08     	60.95     	6.00      
163.50    	94.54     	66.90     	61.59     	5.99      
164.00    	94.16     	67.96     	62.35     	5.99      
164.50    	94.15     	69.26     	63.34     	5.99      
165.00    	95.38     	71.39     	65.07     	5.99      
165.50    	96.42     	72.71     	66.42     	5.99      
166.00    	97.23     	73.01     	67.28     	5.98      
166.50    	97.56     	72.45     	66.67     	5.98      
167.00    	97.61     	71.36     	65.13     	5.98      
167.50    	97.39     	70.54     	64.50     	5.98      
168.00    	97.08     	69.80     	64.17     	5.97      
168.50    	96.81     	69.05     	64.34     	5.97      
169.00    	96.52     	68.35     	64.56     	5.97      
169.50    	95.42     	69.21     	63.90     	5.97      
170.00    	94.50     	69.64     	63.26     	5.97      
170.50    	94.05     	68.86     	62.67     	5.96      
171.00    	94.48     	68.79     	63.06     	5.96      
171.50    	95.60     	69.26     	64.22     	5.96      
172.00    	97.74     	70.06     	65.36     	5.97      
172.50    	99.88     	70.65     	66.15     	5.97      
173.00    	101.22    	69.77     	64.91     	5.98      
173.50    	102.14    	68.95     	63.81     	5.98      
174.00    	102.01    	68.27     	63.03     	5.99      
174.50    	101.53    	67.82     	62.46     	5.99      
175.00    	100.58    	67.67     	62.16     	6.00      
175.50    	99.43     	67.38     	62.02     	6.00      
176.00    	98.14     	66.99     	62.00     	6.01      
176.50    	96.84     	67.06     	61.66     	6.01      
177.00    	95.59     	67.30     	61.26     	6.00      
177.50    	96.12     	68.83     	62.11     	5.98      
178.00    	96.97     	70.20     	63.13     	5.96      
178.50    	98.52     	71.24     	64.56     	5.95      
179.00    	99.75     	71.50     	64.99     	5.93      
179.50    	100.79    	71.27     	64.81     	5.91      
180.00    	100.90    	71.00     	63.91     	5.89      
180.50    	100.80    	70.71     	62.83     	5.87      
181.00    	100.66    	69.29     	62.27     	5.85      
181.50    	100.37    	68.08     	61.93     	5.83      
182.00    	99.34     	67.83     	62.50     	5.81      
182.50    	98.44     	68.02     	62.65     	5.79      
183.00    	97.71     	68.80     	62.22     	5.77      
183.50    	97.34     	68.81     	62.00     	5.75      
184.00    	97.11     	68.48     	61.86     	5.74      
184.50    	98.17     	70.34     	62.38     	5.73      
185.00    	99.20     	71.73     	62.69     	5.73      
185.50    	99.84     	71.02     	62.19     	5.73      
186.00    	100.36    	69.55     	61.43     	5.72      
186.50    	100.65    	66.68     	60.21     	5.72      
187.00    	100.79    	65.21     	59.05     	5.71      
187.50    	100.80    	65.01     	57.94     	5.71      
188.00    	99.84     	64.12     	57.31     	5.70      
188.50    	98.50     	62.95     	56.88     	5.70      
189.00    	97.81     	63.45     	57.62     	5.70      
189.50    	97.33     	64.18     	58.37     	5.71      
190.00    	97.50     	65.61     	59.09     	5.71      
190.50    	97.86     	66.32     	59.45     	5.72      
191.00    	98.41     	66.30     	59.43     	5.73      
191.50    	98.83     	66.36     	59.32     	5.74      
192.00    	99.18     	66.47     	59.14     	5.74      
192.50    	98.77     	66.09     	59.24     	5.75      
193.00    	98.08     	65.54     	59.45     	5.76      
193.50    	97.22     	65.47     	59.45     	5.77      
194.00    	96.27     	65.48     	59.41     	5.77      
194.50    	94.22     	65.38     	59.22     	5.78      
195.00    	93.18     	66.12     	59.57     	5.79      
195.50    	94.03     	68.44     	60.91     	5.80      
196.00    	95.78     	70.76     	62.27     	5.81      
196.50    	97.94     	73.07     	63.65     	5.82      
197.00    	100.55    	73.24     	65.23     	5.82      
197.50    	102.69    	72.82     	65.97     	5.83      
198.00    	103.59    	70.84     	64.56     	5.84      
198.50    	104.05    	69.65     	63.54     	5.85      
199.00    	103.96    	69.42     	63.01     	5.86      
199.50    	103.11    	67.54     	62.39     	5.87      
200.00    	101.81    	64.65     	61.72     	5.88      
200.50    	99.89     	65.40     	60.95     	5.89      
201.00    	97.75     	67.34     	60.16     	5.90      
201.50    	96.86     	67.90     	60.47     	5.91      
202.00    	96.36     	68.13     	60.88     	5.91      
202.50    	96.99     	67.42     	61.49     	5.90      
203.00    	98.52     	67.16     	62.15     	5.90      
203.50    	100.82    	67.28     	62.85     	5.90      
204.00    	102.38    	68.60     	63.05     	5.89      
204.50    	103.75    	69.99     	63.19     	5.89      
205.00    	105.00    	70.13     	63.62     	5.88      
205.50    	105.54    	69.60     	63.47     	5.88      
206.00    	105.50    	68.53     	62.83     	5.87      
206.50    	104.46    	67.88     	61.20     	5.87      
207.00    	103.20    	67.31     	59.34     	5.87      
207.50    	101.12    	65.86     	58.44     	5.86      
208.00    	98.95     	64.46     	57.62     	5.86      
208.50    	96.70     	64.57     	56.70     	5.85      
209.00    	94.91     	64.73     	56.08     	5.85      
209.50    	94.23     	65.03     	56.16     	5.85      
210.00    	94.18     	65.21     	57.02     	5.85      
210.50    	94.61     	65.29     	58.47     	5.86      
211.00    	95.45     	67.02     	59.65     	5.86      
211.50    	96.33     	68.99     	60.73     	5.87      
212.00    	96.78     	69.77     	61.51     	5.87      
212.50    	97.12     	70.00     	62.11     	5.87      
213.00    	97.25     	69.26     	62.38     	5.88      
213.50    	97.09     	69.74     	62.98     	5.88      
214.00    	96.90     	70.85     	63.79     	5.89      
214.50    	97.60     	72.59     	65.30     	5.89      
215.00    	98.86     	74.04     	66.78     	5.89      
215.50    	100.52    	75.08     	68.01     	5.90      
216.00    	101.69    	74.32     	67.30     	5.90      
216.50    	103.25    	74.22     	67.07     	5.91      
217.00    	104.92    	74.43     	67.11     	5.91      
217.50    	105.39    	73.63     	67.00     	5.94      
218.00    	105.63    	72.24     	66.23     	5.96      
218.50    	105.58    	70.08     	64.62     	5.99      
219.00    	104.60    	68.02     	63.12     	6.01      
219.50    	103.00    	66.04     	61.72     	6.04      
220.00    	100.88    	64.85     	60.43     	6.06      
220.50    	98.34     	64.28     	59.23     	6.09      
221.00    	95.67     	63.68     	58.48     	6.11      
221.50    	92.87     	63.04     	58.16     	6.14      
222.00    	90.61     	62.64     	57.93     	6.16      
222.50    	88.87     	62.47     	57.77     	6.19      
223.00    	86.92     	62.59     	57.58     	6.21      
223.50    	84.85     	62.87     	57.36     	6.24      
224.00    	84.50     	65.21     	58.75     	6.26      
224.50    	84.81     	67.53     	60.44     	6.28      
225.00    	86.63     	69.23     	62.61     	6.25      
225.50    	89.32     	71.21     	64.73     	6.22      
226.00    	92.56     	73.39     	66.82     	6.20      
226.50    	94.58     	73.66     	66.36     	6.17      
227.00    	96.31     	73.64     	65.69     	6.14      
227.50    	96.48     	72.32     	64.66     	6.11      
228.00    	96.55     	71.23     	63.99     	6.08      
228.50    	96.13     	71.12     	64.93     	6.05      
229.00    	95.56     	70.60     	65.32     	6.03      
229.50    	94.75     	69.36     	64.73     	6.00      
230.00    	93.63     	68.52     	63.88     	5.97      
230.50    	92.21     	68.05     	62.79     	5.94      
231.00    	91.77     	68.57     	62.70     	5.91      
231.50    	91.66     	69.37     	62.91     	5.91      
232.00    	92.93     	70.04     	63.44     	5.91      
232.50    	94.02     	70.25     	63.57     	5.91      
233.00    	94.65     	69.26     	62.72     	5.90      
233.50    	95.07     	68.37     	61.78     	5.90      
234.00    	95.19     	67.64     	60.72     	5.90      
234.50    	94.98     	66.92     	59.97     	5.90      
235.00    	94.42     	66.21     	59.55     	5.90      
235.50    	93.12     	65.52     	59.32     	5.90      
236.00    	91.26     	64.84     	59.23     	5.90      
236.50    	90.86     	65.83     	59.85     	5.89      
237.00    	90.97     	67.39     	60.70     	5.89      
237.50    	92.56     	69.11     	61.70     	5.89      
238.00    	94.32     	70.61     	62.77     	5.89      
238.50    	96.57     	71.48     	64.02     	5.88      
239.00    	98.42     	71.49     	64.55     	5.88      
239.50    	99.87     	70.66     	64.36     	5.88      
240.00    	99.99     	69.36     	63.38     	5.88      
240.50    	99.32     	67.80     	61.95     	5.87      
241.00    	98.26     	67.08     	61.18     	5.87      
241.50    	96.95     	66.88     	60.81     	5.87      
242.00    	95.06     	66.54     	60.59     	5.87      
242.50    	92.84     	66.12     	60.45     	5.86      
243.00    	92.51     	66.11     	60.66     	5.86      
243.50    	92.65     	66.21     	60.96     	5.85      
244.00    	93.19     	67.11     	61.82     	5.84      
244.50    	93.89     	67.86     	62.55     	5.83      
245.00    	95.27     	68.01     	62.82     	5.82      
245.50    	96.39     	68.01     	62.81     	5.81      
246.00    	96.92     	67.64     	62.17     	5.80      
246.50    	96.94     	67.18     	61.47     	5.79      
247.00    	95.90     	66.49     	60.68     	5.78      
247.50    	94.66     	66.19     	60.14     	5.77      
248.00    	93.06     	66.60     	60.07     	5.76      
248.50    	92.39     	66.83     	60.57     	5.75      
249.00    	92.77     	66.86     	61.72     	5.75      
249.50    	93.45     	67.71     	62.56     	5.74      
250.00    	94.29     	68.99     	63.25     	5.74      
250.50    	95.11     	68.50     	63.15     	5.74      
251.00    	95.92     	67.66     	62.90     	5.74      
251.50    	95.40     	67.35     	61.86     	5.74      
252.00    	94.74     	67.10     	60.73     	5.74      
252.50    	93.99     	66.87     	60.28     	5.74      
253.00    	93.20     	66.60     	59.86     	5.74      
253.50    	91.55     	65.65     	59.43     	5.74      
254.00    	90.30     	65.08     	59.27     	5.74      
254.50    	90.39     	65.82     	60.00     	5.73      
255.00    	91.20     	66.81     	60.76     	5.73      
255.50    	92.90     	68.11     	61.58     	5.73      
256.00    	94.43     	68.19     	61.59     	5.74      
256.50    	95.86     	67.48     	61.08     	5.74      
257.00    	96.50     	66.41     	60.53     	5.74      
257.50    	96.84     	65.20     	59.96     	5.74      
258.00    	96.07     	64.47     	59.86     	5.74      
258.50    	95.03     	63.85     	59.86     	5.74      
259.00    	94.45     	63.59     	59.73     	5.74      
259.50    	94.04     	63.69     	59.78     	5.74      
260.00    	94.40     	65.62     	60.75     	5.74      
260.50    	96.11     	66.79     	61.38     	5.74      
261.00    	100.25    	66.60     	61.41     	5.74      
261.50    	102.53    	66.07     	61.33     	5.74      
262.00    	102.47    	65.10     	61.11     	5.74      
262.50    	101.29    	64.76     	60.99     	5.74      
263.00    	98.70     	65.20     	60.99     	5.74      
263.50    	96.64     	65.43     	60.80     	5.74      
264.00    	95.03     	65.49     	60.44     	5.74      
264.50    	94.74     	66.17     	60.74     	5.74      
265.00    	95.00     	67.12     	61.31     	5.74      
265.50    	96.52     	67.79     	62.84     	5.74      
266.00    	98.12     	68.37     	64.34     	5.74      
266.50    	99.04     	68.01     	63.88     	5.74      
267.00    	99.86     	67.63     	63.40     	5.74      
267.50    	99.29     	67.05     	62.74     	5.74      
268.00    	98.70     	66.53     	62.10     	5.74      
268.50    	97.93     	66.52     	61.60     	5.74      
269.00    	97.12     	66.29     	61.22     	5.74      
269.50    	96.15     	65.26     	61.26     	5.74      
270.00    	95.92     	65.41     	61.53     	5.74      
270.50    	96.70     	67.14     	62.12     	5.75      
271.00    	97.73     	68.03     	62.63     	5.76      
271.50    	98.89     	68.56     	63.12     	5.77      
272.00    	99.72     	68.00     	62.65     	5.77      
272.50    	100.51    	67.29     	62.07     	5.78      
273.00    	100.34    	65.64     	61.55     	5.79      
273.50    	100.12    	63.93     	61.04     	5.80      
274.00    	98.75     	63.94     	60.79     	5.81      
274.50    	97.40     	63.96     	60.56     	5.82      
275.00    	96.51     	64.04     	60.61     	5.83      
275.50    	95.76     	64.43     	60.86     	5.83      
276.00    	95.55     	65.90     	61.80     	5.84      
276.50    	95.54     	67.09     	62.43     	5.85      
277.00    	95.71     	68.02     	62.80     	5.86      
277.50    	97.65     	69.34     	64.16     	5.87      
278.00    	99.94     	70.70     	65.59     	5.87      
278.50    	102.05    	71.85     	65.98     	5.88      
279.00    	103.51    	71.84     	65.74     	5.89      
279.50    	104.10    	70.24     	64.63     	5.89      
280.00    	103.93    	68.59     	63.89     	5.90      
280.50    	103.19    	66.91     	63.42     	5.91      
281.00    	102.16    	66.41     	62.84     	5.91      
281.50    	100.99    	66.38     	62.22     	5.92      
282.00    	99.71     	66.49     	61.68     	5.93      
282.50    	98.37     	66.61     	61.13     	5.93      
283.00    	95.48     	65.88     	60.01     	5.94      
283.50    	93.13     	65.27     	59.15     	5.95      
284.00    	92.22     	65.03     	58.99     	5.95      
284.50    	92.11     	65.60     	59.54     	5.96      
285.00    	92.60     	66.78     	60.64     	5.97      
285.50    	93.97     	67.50     	61.18     	5.98      
286.00    	95.38     	68.13     	61.56     	5.99      
286.50    	95.93     	68.68     	61.21     	6.00      
287.00    	96.37     	68.85     	60.98     	6.00      
287.50    	96.45     	67.85     	61.11     	6.01      
288.00    	96.41     	67.42     	61.27     	6.02      
288.50    	96.21     	67.73     	61.46     	6.03      
289.00    	95.95     	67.36     	61.76     	6.04      
289.50    	95.65     	66.57     	62.14     	6.05      
290.00    	94.08     	67.10     	62.40     	6.06      
290.50    	92.72     	67.97     	62.85     	6.07      
291.00    	93.13     	69.36     	64.15     	6.08      
291.50    	94.25     	71.00     	65.37     	6.08      
292.00    	95.97     	72.82     	66.55     	6.08      
292.50    	97.62     	73.37     	67.25     	6.08      
293.00    	98.98     	73.49     	67.56     	6.08      
293.50    	99.43     	72.71     	66.70     	6.09      
294.00    	99.40     	71.84     	65.91     	6.09      
294.50    	98.83     	70.84     	65.21     	6.09      
295.00    	97.95     	69.87     	64.62     	6.09      
295.50    	96.89     	68.92     	64.10     	6.09      
296.00    	95.99     	68.46     	63.50     	6.10      
296.50    	95.12     	68.13     	62.86     	6.10      
297.00    	94.64     	67.50     	62.65     	6.10      
297.50    	94.16     	66.82     	62.27     	6.10      
298.00    	93.57     	66.02     	61.27     	6.10      
298.50    	93.34     	65.50     	60.93     	6.11      
299.00    	93.46     	65.25     	61.23     	6.11      
299.50    	93.73     	65.48     	61.29     	6.11      
300.00    	94.40     	66.26     	61.42     	6.11      
300.50    	96.00     	68.24     	61.76     	6.11      
301.00    	97.88     	68.39     	61.76     	6.10      
301.50    	99.83     	67.76     	61.63     	6.08      
302.00    	100.91    	67.29     	61.69     	6.07      
302.50    	101.76    	66.93     	61.83     	6.05      
303.00    	102.16    	66.76     	62.13     	6.04      
303.50    	101.79    	66.48     	61.94     	6.03      
304.00    	100.82    	66.12     	61.37     	6.01      
304.50    	99.19     	65.72     	60.78     	6.00      
305.00    	97.24     	65.30     	60.18     	5.98      
305.50    	95.51     	64.52     	59.51     	5.97      
306.00    	93.84     	63.65     	58.82     	5.95      
306.50    	91.91     	63.44     	58.08     	5.94      
307.00    	90.33     	63.39     	57.50     	5.92      
307.50    	89.86     	63.72     	57.42     	5.91      
308.00    	90.09     	64.21     	57.88     	5.90      
308.50    	90.88     	64.83     	58.78     	5.90      
309.00    	92.48     	66.64     	59.11     	5.89      
309.50    	94.24     	68.46     	59.39     	5.89      
310.00    	96.26     	69.05     	59.94     	5.88      
310.50    	97.66     	69.37     	60.33     	5.88      
311.00    	97.99     	69.24     	60.44     	5.87      
311.50    	97.93     	69.17     	60.46     	5.87      
312.00    	97.64     	69.14     	60.42     	5.87      
312.50    	96.63     	68.89     	60.48     	5.86      
313.00    	95.73     	68.89     	60.62     	5.86      
313.50    	95.42     	69.77     	61.00     	5.85      
314.00    	95.28     	70.18     	61.48     	5.87      
314.50    	95.29     	70.11     	62.06     	5.89      
315.00    	95.22     	70.39     	62.14     	5.91      
315.50    	95.12     	70.78     	62.04     	5.93      
316.00    	94.87     	70.14     	61.93     	5.95      
316.50    	94.57     	69.36     	61.69     	5.97      
317.00    	94.06     	68.15     	60.83     	5.99      
317.50    	93.25     	67.50     	60.30     	6.01      
318.00    	91.91     	67.80     	60.33     	6.03      
318.50    	90.87     	67.95     	60.01     	6.05      
319.00    	90.02     	68.00     	59.46     	6.08      
319.50    	88.81     	67.89     	59.69     	6.10      
320.00    	87.63     	67.83     	60.14     	6.12      
320.50    	87.64     	68.91     	60.78     	6.14      
321.00    	88.22     	69.74     	61.85     	6.15      
321.50    	89.63     	70.20     	63.57     	6.14      
322.00    	91.86     	72.72     	64.23     	6.14      
322.50    	94.37     	75.81     	64.52     	6.14      
323.00    	96.62     	74.97     	64.43     	6.14      
323.50    	98.28     	73.85     	64.05     	6.13      
324.00    	97.99     	71.82     	62.74     	6.13      
324.50    	97.56     	70.34     	61.70     	6.13      
325.00    	96.90     	69.82     	61.08     	6.12      
325.50    	95.32     	69.24     	60.71     	6.12      
326.00    	92.78     	68.62     	60.62     	6.12      
326.50    	91.69     	68.67     	60.54     	6.12      
327.00    	91.15     	68.96     	60.46     	6.11      
327.50    	91.50     	69.40     	61.35     	6.09      
328.00    	92.42     	70.14     	62.17     	6.06      
328.50    	94.73     	71.60     	62.85     	6.04      
329.00    	96.54     	72.40     	63.41     	6.01      
329.50    	97.92     	72.65     	63.85     	5.99      
330.00    	98.21     	72.15     	63.32     	5.96      
330.50    	97.95     	71.27     	62.31     	5.94      
331.00    	97.24     	70.34     	61.54     	5.91      
331.50    	96.39     	69.39     	60.84     	5.88      
332.00    	94.76     	69.44     	60.54     	5.86      
332.50    	93.01     	69.61     	60.32     	5.83      
333.00    	91.99     	68.45     	60.46     	5.81      
333.50    	91.33     	68.12     	60.58     	5.81      
334.00    	91.55     	69.78     	60.64     	5.83      
334.50    	92.75     	70.75     	61.33     	5.86      
335.00    	94.60     	71.25     	62.44     	5.88      
335.50    	96.11     	71.04     	62.62     	5.91      
336.00    	97.45     	70.64     	62.56     	5.93      
336.50    	97.89     	69.42     	61.59     	5.96      
337.00    	98.15     	68.22     	60.77     	5.98      
337.50    	97.89     	67.11     	60.37     	6.01      
338.00    	97.34     	66.42     	60.14     	6.03      
338.50    	96.37     	66.32     	60.12     	6.06      
339.00    	95.23     	66.37     	60.08     	6.08      
339.50    	93.98     	66.52     	60.01     	6.10      
340.00    	92.46     	65.78     	59.58     	6.13      
340.50    	91.03     	65.11     	59.29     	6.15      
341.00    	90.65     	66.46     	60.71     	6.16      
341.50    	91.17     	67.67     	61.92     	6.13      
342.00    	92.79     	68.72     	62.91     	6.10      
342.50    	94.56     	69.77     	63.47     	6.07      
343.00    	96.30     	70.63     	63.86     	6.04      
343.50    	97.06     	68.36     	63.14     	6.01      
344.00    	97.65     	66.95     	62.51     	5.98      
344.50    	97.52     	69.01     	62.27     	5.95      
345.00    	96.74     	70.26     	62.23     	5.92      
345.50    	95.32     	70.73     	62.38     	5.89      
346.00    	95.46     	71.27     	63.61     	5.86      
346.50    	95.59     	71.49     	64.36     	5.83      
347.00    	94.81     	70.80     	63.17     	5.80      
347.50    	93.37     	69.81     	61.59     	5.77      
348.00    	91.58     	68.67     	59.82     	5.75      
348.50    	91.32     	67.88     	59.45     	5.78      
349.00    	91.20     	67.34     	59.30     	5.81      
349.50    	91.41     	67.37     	59.66     	5.85      
350.00    	91.55     	67.14     	60.09     	5.88      
350.50    	91.63     	66.70     	60.56     	5.91      
351.00    	90.48     	65.83     	60.20     	5.94      
351.50    	88.95     	64.81     	59.58     	5.97      
352.00    	87.38     	65.14     	59.60     	6.00      
352.50    	85.80     	65.66     	59.73     	6.03      
353.00    	84.27     	65.96     	60.21     	6.06      
353.50    	82.94     	66.47     	60.76     	6.09      
354.00    	82.27     	67.61     	61.54     	6.12      
354.50    	82.41     	69.03     	62.90     	6.15      
355.00    	83.24     	70.69     	64.78     	6.19      
355.50    	85.44     	72.56     	65.88     	6.18      
356.00    	87.83     	74.07     	66.60     	6.16      
356.50    	90.00     	73.68     	66.27     	6.15      
357.00    	91.97     	72.89     	65.56     	6.13      
357.50    	93.68     	71.62     	64.39     	6.12      
358.00    	94.65     	70.41     	63.23     	6.10      
358.50    	95.13     	69.25     	62.09     	6.08      
359.00    	94.47     	68.36     	61.52     	6.07      
359.50    	93.38     	67.57     	61.18     	6.05      
360.00    	92.10     	66.97     	60.02     	6.04      
360.50    	90.77     	66.41     	58.91     	6.02      
361.00    	89.16     	65.97     	59.01     	6.01      
361.50    	88.11     	66.03     	59.15     	5.99      
362.00    	88.01     	66.92     	59.33     	5.97      
362.50    	88.89     	67.65     	60.00     	5.97      
363.00    	90.24     	68.31     	60.92     	5.96      
363.50    	91.38     	69.76     	61.25     	5.96      
364.00    	92.51     	70.81     	61.37     	5.95      
364.50    	93.62     	70.03     	60.66     	5.95      
365.00    	94.14     	69.23     	59.87     	5.94      
365.50    	93.46     	68.37     	58.88     	5.94      
366.00    	92.77     	67.81     	58.36     	5.93      
366.50    	92.05     	67.63     	58.42     	5.93      
367.00    	91.04     	67.21     	58.30     	5.93      
367.50    	89.82     	66.61     	58.03     	5.92      
368.00    	88.48     	65.75     	58.45     	5.92      
368.50    	87.24     	65.01     	59.06     	5.91      
369.00    	87.81     	67.03     	59.44     	5.91      
369.50    	88.80     	68.55     	60.22     	5.93      
370.00    	90.42     	69.27     	61.64     	5.94      
370.50    	91.62     	68.93     	62.21     	5.95      
371.00    	92.65     	68.22     	62.47     	5.97      
371.50    	92.68     	66.95     	61.74     	5.98      
372.00    	92.58     	65.96     	61.11     	6.00      
372.50    	92.10     	65.84     	60.81     	6.01      
373.00    	91.32     	65.73     	60.65     	6.02      
373.50    	90.21     	65.64     	60.66     	6.04      
374.00    	88.96     	65.28     	60.36     	6.05      
374.50    	87.63     	64.77     	59.87     	6.07      
375.00    	86.44     	64.31     	59.79     	6.08      
375.50    	85.28     	63.91     	59.82     	6.10      
376.00    	84.18     	64.51     	60.07     	6.11      
376.50    	83.62     	64.93     	60.39     	6.12      
377.00    	84.11     	65.01     	60.84     	6.13      
377.50    	85.32     	65.82     	61.46     	6.14      
378.00    	86.90     	67.01     	62.17     	6.15      
378.50    	87.89     	67.68     	61.70     	6.15      
379.00    	88.79     	68.22     	61.19     	6.16      
379.50    	88.90     	67.25     	60.95     	6.17      
380.00    	88.91     	66.74     	60.76     	6.17      
380.50    	88.56     	68.03     	60.81     	6.18      
381.00    	88.10     	68.84     	60.85     	6.19      
381.50    	87.43     	68.72     	60.84     	6.19      
382.00    	87.01     	68.61     	60.90     	6.20      
382.50    	86.84     	68.51     	61.02     	6.21      
383.00    	86.95     	69.31     	61.31     	6.21      
383.50    	87.17     	70.49     	61.67     	6.22      
384.00    	87.35     	70.51     	62.03     	6.23      
384.50    	88.23     	70.96     	62.71     	6.23      
385.00    	90.47     	72.24     	64.01     	6.22      
385.50    	93.09     	74.28     	65.13     	6.21      
386.00    	95.89     	76.69     	66.16     	6.20      
386.50    	96.62     	75.56     	65.40     	6.18      
387.00    	97.17     	74.20     	64.46     	6.17      
387.50    	96.70     	72.04     	62.60     	6.16      
388.00    	96.16     	70.11     	61.03     	6.15      
388.50    	95.21     	69.34     	60.88     	6.14      
389.00    	94.21     	68.70     	60.85     	6.13      
389.50    	93.08     	68.42     	61.12     	6.12      
390.00    	92.01     	68.53     	60.96     	6.11      
390.50    	91.00     	69.13     	60.31     	6.10      
391.00    	90.62     	70.41     	60.84     	6.09      
391.50    	90.54     	71.92     	61.86     	6.07      
392.00    	91.98     	72.69     	63.80     	6.09      
392.50    	93.49     	73.27     	64.97     	6.11      
393.00    	95.12     	73.49     	64.68     	6.14      
393.50    	95.96     	73.00     	64.13     	6.16      
394.00    	96.23     	72.00     	63.40     	6.18      
394.50    	95.91     	71.20     	62.61     	6.20      
395.00    	95.35     	70.49     	61.81     	6.22      
395.50    	94.37     	70.13     	61.34     	6.24      
396.00    	93.31     	69.84     	60.94     	6.26      
396.50    	92.25     	68.66     	61.16     	6.29      
397.00    	91.24     	67.75     	61.40     	6.31      
397.50    	90.54     	69.01     	61.59     	6.33      
398.00    	89.81     	69.95     	61.52     	6.35      
398.50    	88.99     	70.27     	60.95     	6.37      
399.00    	87.88     	69.26     	60.36     	6.39      
399.50    	86.60     	67.47     	59.76     	6.42      
400.00    	87.16     	69.10     	61.61     	6.44      
400.50    	88.24     	71.41     	63.48     	6.44      
401.00    	90.14     	74.76     	65.30     	6.42      
401.50    	92.68     	77.16     	67.41     	6.39      
402.00    	95.28     	78.98     	69.39     	6.37      
402.50    	96.91     	78.54     	69.69     	6.34      
403.00    	97.79     	78.15     	69.70     	6.32      
403.50    	97.24     	77.87     	69.15     	6.29      
404.00    	96.47     	76.91     	68.39     	6.27      
404.50    	95.47     	75.29     	67.41     	6.24      
405.00    	93.95     	73.96     	66.66     	6.22      
405.50    	92.14     	72.80     	66.04     	6.19      
406.00    	90.13     	71.86     	65.06     	6.17      
406.50    	88.11     	70.98     	64.00     	6.14      
407.00    	86.81     	69.96     	63.08     	6.12      
407.50    	85.68     	69.38     	62.26     	6.10      
408.00    	84.91     	69.74     	61.67     	6.08      
408.50    	84.84     	69.77     	61.64     	6.05      
409.00    	85.28     	69.54     	62.03     	6.03      
409.50    	85.59     	68.46     	61.47     	6.01      
410.00    	85.86     	67.22     	60.72     	5.99      
410.50    	85.86     	67.50     	60.61     	5.97      
411.00    	85.61     	67.99     	60.70     	5.95      
411.50    	84.61     	69.12     	61.39     	5.93      
412.00    	84.40     	70.46     	62.87     	5.90      
412.50    	84.73     	71.89     	64.82     	5.88      
413.00    	85.33     	71.69     	65.39     	5.86      
413.50    	85.32     	71.22     	65.25     	5.84      
414.00    	84.65     	70.44     	64.34     	5.84      
414.50    	83.54     	69.61     	64.17     	5.84      
415.00    	82.85     	69.32     	64.42     	5.85      
415.50    	83.27     	70.37     	65.52     	5.86      
416.00    	84.17     	69.91     	65.93     	5.87      
416.50    	85.31     	68.70     	65.99     	5.88      
417.00    	85.84     	70.55     	66.57     	5.88      
417.50    	86.15     	71.85     	66.74     	5.89      
418.00    	85.89     	71.68     	65.80     	5.90      
418.50    	85.46     	71.20     	65.44     	5.91      
419.00    	84.88     	70.43     	65.60     	5.91      
419.50    	84.21     	70.95     	65.62     	5.92      
420.00    	83.53     	71.75     	65.63     	5.93      
420.50    	82.85     	71.19     	65.91     	5.94      
421.00    	82.61     	71.00     	66.27     	5.94      
421.50    	83.19     	71.49     	66.79     	5.95      
422.00    	84.81     	73.86     	68.35     	5.96      
422.50    	86.96     	76.82     	70.27     	5.97      
423.00    	90.05     	77.63     	71.32     	5.98      
423.50    	92.24     	77.29     	71.44     	5.98      
424.00    	93.24     	75.41     	70.34     	5.99      
424.50    	93.49     	73.75     	68.72     	6.00      
425.00    	93.28     	72.22     	66.77     	6.01      
425.50    	92.37     	71.11     	65.48     	6.01      
426.00    	91.19     	70.17     	64.45     	6.02      
426.50    	90.36     	69.67     	64.17     	6.03      
427.00    	89.56     	69.21     	64.00     	6.04      
427.50    	87.78     	67.22     	63.20     	6.05      
428.00    	85.97     	65.55     	62.38     	6.05      
428.50    	84.01     	65.45     	61.49     	6.06      
429.00    	82.70     	65.33     	61.24     	6.07      
429.50    	82.24     	65.18     	61.81     	6.07      
430.00    	82.61     	66.28     	62.46     	6.06      
430.50    	83.32     	67.76     	63.12     	6.05      
431.00    	84.31     	67.82     	63.19     	6.04      
431.50    	85.21     	67.54     	63.00     	6.03      
432.00    	85.86     	66.46     	62.21     	6.02      
432.50    	86.09     	65.40     	61.37     	6.01      
433.00    	85.66     	64.36     	60.45     	6.01      
433.50    	85.09     	63.77     	59.91     	6.00      
434.00    	84.29     	63.93     	60.02     	5.99      
434.50    	83.80     	64.56     	60.28     	5.98      
435.00    	83.61     	65.62     	60.70     	5.97      
435.50    	84.22     	67.68     	61.55     	5.96      
436.00    	85.07     	69.20     	62.20     	5.95      
436.50    	86.03     	67.67     	61.71     	5.94      
437.00    	86.39     	67.09     	60.96     	5.93      
437.50    	86.29     	67.20     	60.03     	5.93      
438.00    	85.55     	66.35     	58.72     	5.92      
438.50    	84.97     	65.35     	57.63     	5.91      
439.00    	85.41     	64.23     	57.64     	5.90      
439.50    	85.59     	64.48     	57.41     	5.93      
440.00    	85.50     	66.14     	56.94     	5.96      
440.50    	86.73     	66.04     	57.49     	6.00      
441.00    	88.24     	65.48     	58.20     	6.03      
441.50    	89.10     	64.75     	57.75     	6.06      
442.00    	89.65     	64.12     	57.51     	6.09      
442.50    	89.11     	63.86     	58.06     	6.12      
443.00    	88.47     	63.87     	58.41     	6.15      
443.50    	87.71     	64.20     	58.50     	6.18      
444.00    	86.96     	64.40     	58.90     	6.21      
444.50    	86.22     	64.52     	59.46     	6.25      
445.00    	86.57     	65.30     	60.16     	6.28      
445.50    	86.98     	66.06     	60.84     	6.31      
446.00    	87.25     	66.51     	61.39     	6.34      
446.50    	88.14     	67.48     	62.17     	6.37      
447.00    	89.56     	68.89     	63.16     	6.40      
447.50    	91.59     	69.50     	64.29     	6.40      
448.00    	93.23     	70.06     	65.26     	6.39      
448.50    	93.47     	70.72     	65.74     	6.37      
449.00    	93.93     	70.75     	65.92     	6.36      
449.50    	94.58     	70.28     	65.86     	6.34      
450.00    	94.91     	69.13     	65.38     	6.33      
450.50    	95.13     	67.77     	64.76     	6.31      
451.00    	94.47     	67.62     	64.53     	6.30      
451.50    	93.63     	67.70     	64.38     	6.28      
452.00    	93.05     	67.56     	63.76     	6.27      
452.50    	92.39     	67.49     	63.23     	6.25      
453.00    	91.20     	67.87     	63.29     	6.24      
453.50    	89.87     	67.53     	62.97     	6.22      
454.00    	88.33     	66.13     	62.07     	6.21      
454.50    	88.27     	67.48     	62.49     	6.19      
455.00    	88.89     	69.80     	63.45     	6.19      
455.50    	90.66     	70.96     	64.62     	6.19      
456.00    	92.59     	71.93     	65.37     	6.19      
456.50    	94.73     	72.67     	65.63     	6.19      
457.00    	96.13     	71.84     	65.12     	6.19      
457.50    	97.34     	70.59     	64.41     	6.19      
458.00    	96.46     	69.05     	64.19     	6.19      
458.50    	95.42     	67.69     	63.87     	6.19      
459.00    	93.53     	67.42     	62.92     	6.19      
459.50    	91.52     	67.03     	61.98     	6.19      
460.00    	89.19     	66.36     	61.09     	6.19      
