Time      	MABP      	CBFV-L    	CBFV-R    	etCO2     
0.00      	75.52     	55.86     	79.17     	4.65      
0.50      	75.52     	55.86     	79.17     	4.65      
1.00      	79.31     	59.79     	84.68     	4.63      
1.50      	80.25     	60.37     	85.68     	4.61      
2.00      	80.33     	60.18     	85.72     	4.60      
2.50      	79.64     	60.11     	86.10     	4.59      
3.00      	77.23     	59.23     	85.48     	4.59      
3.50      	76.17     	58.50     	84.85     	4.60      
4.00      	77.14     	58.74     	85.42     	4.62      
4.50      	78.70     	59.89     	87.50     	4.64      
5.00      	79.97     	60.79     	89.69     	4.66      
5.50      	80.23     	60.92     	90.50     	4.69      
6.00      	78.94     	60.17     	89.33     	4.70      
6.50      	75.98     	58.65     	87.29     	4.72      
7.00      	73.27     	57.52     	85.92     	4.72      
7.50      	72.97     	57.61     	86.01     	4.71      
8.00      	75.45     	58.39     	87.16     	4.70      
8.50      	78.99     	60.15     	89.72     	4.68      
9.00      	80.73     	61.31     	91.35     	4.65      
9.50      	80.20     	60.95     	90.67     	4.62      
10.00     	81.38     	61.63     	91.34     	4.60      
10.50     	82.73     	61.60     	90.76     	4.58      
11.00     	81.45     	59.64     	87.30     	4.56      
11.50     	78.24     	57.98     	84.49     	4.56      
12.00     	77.31     	57.44     	83.46     	4.56      
12.50     	78.32     	57.93     	83.99     	4.57      
13.00     	78.93     	58.49     	84.80     	4.58      
13.50     	78.19     	58.10     	84.53     	4.60      
14.00     	77.22     	57.57     	83.84     	4.62      
14.50     	76.16     	57.23     	83.07     	4.64      
15.00     	73.68     	56.41     	81.75     	4.66      
15.50     	70.04     	55.01     	79.53     	4.67      
16.00     	67.26     	53.94     	77.47     	4.69      
16.50     	68.79     	55.48     	79.10     	4.69      
17.00     	71.55     	57.75     	82.40     	4.70      
17.50     	72.26     	58.76     	84.39     	4.70      
18.00     	72.47     	59.65     	85.30     	4.70      
18.50     	72.92     	60.65     	86.18     	4.70      
19.00     	72.91     	61.22     	87.30     	4.69      
19.50     	69.62     	60.21     	85.76     	4.69      
20.00     	65.82     	58.71     	83.01     	4.68      
20.50     	67.36     	59.18     	83.63     	4.67      
21.00     	70.72     	60.66     	85.96     	4.67      
21.50     	73.61     	62.26     	88.53     	4.66      
22.00     	75.55     	63.46     	90.46     	4.66      
22.50     	75.44     	63.52     	90.08     	4.65      
23.00     	74.50     	62.72     	88.50     	4.65      
23.50     	74.23     	61.63     	87.42     	4.65      
24.00     	72.24     	59.68     	84.82     	4.65      
24.50     	69.28     	57.75     	81.91     	4.65      
25.00     	69.24     	57.79     	82.22     	4.65      
25.50     	72.45     	59.20     	83.12     	4.65      
26.00     	75.43     	60.28     	83.64     	4.66      
26.50     	76.23     	60.26     	84.09     	4.66      
27.00     	77.12     	59.96     	84.09     	4.67      
27.50     	77.39     	59.36     	83.11     	4.67      
28.00     	76.09     	58.29     	81.15     	4.68      
28.50     	74.68     	57.06     	79.25     	4.68      
29.00     	72.53     	55.63     	77.49     	4.68      
29.50     	69.23     	54.21     	75.98     	4.68      
30.00     	70.06     	54.68     	77.26     	4.68      
30.50     	73.91     	56.93     	80.61     	4.68      
31.00     	76.48     	58.91     	83.24     	4.68      
31.50     	76.23     	58.70     	83.39     	4.68      
32.00     	76.35     	58.16     	82.83     	4.68      
32.50     	77.88     	58.26     	82.57     	4.68      
33.00     	77.94     	57.73     	81.63     	4.68      
33.50     	75.94     	56.16     	79.60     	4.68      
34.00     	72.87     	54.19     	77.26     	4.68      
34.50     	70.77     	53.18     	76.45     	4.69      
35.00     	72.24     	53.50     	77.69     	4.69      
35.50     	75.83     	54.88     	80.04     	4.70      
36.00     	78.02     	56.55     	82.05     	4.70      
36.50     	78.87     	57.19     	83.03     	4.71      
37.00     	78.80     	56.54     	82.69     	4.72      
37.50     	78.59     	55.47     	81.84     	4.72      
38.00     	79.24     	55.52     	82.33     	4.73      
38.50     	77.94     	54.86     	81.55     	4.74      
39.00     	73.78     	52.77     	78.47     	4.74      
39.50     	71.81     	52.65     	77.95     	4.75      
40.00     	74.30     	54.38     	80.29     	4.75      
40.50     	77.72     	56.10     	82.60     	4.75      
41.00     	78.30     	56.62     	82.82     	4.75      
41.50     	77.91     	56.46     	82.25     	4.75      
42.00     	77.15     	55.76     	80.80     	4.75      
42.50     	76.20     	54.84     	78.69     	4.75      
43.00     	75.83     	54.83     	78.02     	4.75      
43.50     	74.89     	54.95     	77.92     	4.74      
44.00     	71.41     	53.36     	75.78     	4.74      
44.50     	68.62     	52.55     	75.41     	4.74      
45.00     	69.41     	53.72     	77.85     	4.74      
45.50     	73.40     	55.79     	80.84     	4.74      
46.00     	77.18     	58.45     	84.99     	4.74      
46.50     	78.84     	60.02     	87.24     	4.73      
47.00     	79.09     	59.81     	86.64     	4.73      
47.50     	79.77     	58.88     	85.73     	4.73      
48.00     	80.15     	58.14     	84.98     	4.73      
48.50     	79.13     	57.31     	83.83     	4.74      
49.00     	76.32     	55.77     	81.74     	4.74      
49.50     	73.26     	54.77     	80.02     	4.74      
50.00     	72.93     	54.70     	80.26     	4.74      
50.50     	76.03     	55.40     	82.41     	4.75      
51.00     	78.98     	56.78     	84.22     	4.75      
51.50     	79.56     	57.65     	84.49     	4.75      
52.00     	79.12     	57.93     	84.43     	4.76      
52.50     	79.90     	58.28     	85.48     	4.76      
53.00     	80.64     	58.96     	85.97     	4.76      
53.50     	80.20     	59.07     	85.12     	4.76      
54.00     	78.12     	57.72     	83.31     	4.75      
54.50     	74.31     	56.67     	80.96     	4.74      
55.00     	70.96     	56.20     	80.01     	4.73      
55.50     	71.15     	56.31     	81.30     	4.72      
56.00     	75.30     	57.79     	82.74     	4.70      
56.50     	77.89     	58.59     	83.62     	4.69      
57.00     	77.00     	57.63     	82.79     	4.67      
57.50     	74.31     	55.74     	80.44     	4.65      
58.00     	72.77     	55.62     	80.05     	4.63      
58.50     	71.49     	56.87     	81.57     	4.61      
59.00     	66.76     	56.28     	81.42     	4.59      
59.50     	64.96     	55.92     	81.51     	4.58      
60.00     	69.24     	57.87     	84.22     	4.56      
60.50     	72.91     	60.45     	88.11     	4.55      
61.00     	73.79     	61.39     	89.49     	4.54      
61.50     	72.95     	60.79     	88.69     	4.53      
62.00     	72.06     	60.09     	88.05     	4.52      
62.50     	70.91     	60.00     	87.87     	4.51      
63.00     	67.35     	59.05     	86.14     	4.51      
63.50     	61.05     	56.56     	82.51     	4.51      
64.00     	58.14     	56.34     	82.47     	4.51      
64.50     	62.73     	57.98     	85.34     	4.51      
65.00     	69.57     	59.91     	88.49     	4.51      
65.50     	71.88     	61.03     	90.05     	4.52      
66.00     	71.32     	60.52     	88.93     	4.52      
66.50     	69.88     	58.98     	86.31     	4.53      
67.00     	69.09     	57.86     	84.44     	4.54      
67.50     	69.82     	58.56     	85.28     	4.55      
68.00     	70.29     	58.91     	85.82     	4.56      
68.50     	68.21     	57.27     	83.10     	4.57      
69.00     	63.47     	55.14     	78.56     	4.57      
69.50     	60.39     	54.75     	77.40     	4.58      
70.00     	63.11     	55.61     	78.64     	4.59      
70.50     	69.59     	56.53     	80.24     	4.60      
71.00     	73.57     	56.66     	81.17     	4.61      
71.50     	72.22     	55.04     	78.99     	4.61      
72.00     	69.11     	53.10     	75.84     	4.62      
72.50     	68.40     	52.53     	74.73     	4.62      
73.00     	68.50     	52.94     	75.40     	4.62      
73.50     	67.30     	53.55     	76.71     	4.63      
74.00     	64.42     	53.67     	77.16     	4.63      
74.50     	60.51     	53.34     	76.78     	4.62      
75.00     	58.06     	53.53     	77.32     	4.62      
75.50     	62.33     	55.54     	80.33     	4.62      
76.00     	68.48     	57.71     	83.81     	4.61      
76.50     	70.84     	58.18     	85.07     	4.60      
77.00     	70.90     	57.30     	83.77     	4.60      
77.50     	70.78     	55.93     	81.77     	4.59      
78.00     	71.37     	54.82     	80.61     	4.58      
78.50     	71.46     	54.29     	80.09     	4.57      
79.00     	70.23     	53.63     	79.01     	4.56      
79.50     	67.61     	52.00     	76.47     	4.55      
80.00     	64.55     	50.81     	75.21     	4.54      
80.50     	63.86     	51.19     	76.41     	4.53      
81.00     	67.53     	52.93     	78.90     	4.52      
81.50     	71.75     	54.51     	81.06     	4.52      
82.00     	73.17     	54.75     	81.05     	4.51      
82.50     	71.66     	53.76     	78.89     	4.50      
83.00     	70.87     	53.21     	77.55     	4.50      
83.50     	71.38     	53.47     	77.76     	4.50      
84.00     	70.87     	53.59     	78.09     	4.50      
84.50     	68.60     	52.86     	77.30     	4.50      
85.00     	65.26     	51.39     	75.41     	4.51      
85.50     	63.38     	51.16     	75.44     	4.51      
86.00     	65.63     	53.00     	77.88     	4.52      
86.50     	71.43     	55.92     	81.35     	4.53      
87.00     	75.21     	57.81     	84.88     	4.54      
87.50     	76.51     	58.15     	86.26     	4.55      
88.00     	76.51     	57.40     	85.00     	4.57      
88.50     	75.98     	56.37     	82.92     	4.58      
89.00     	75.68     	55.57     	81.35     	4.59      
89.50     	75.18     	54.87     	80.20     	4.60      
90.00     	72.07     	53.22     	77.24     	4.60      
90.50     	68.46     	51.85     	74.55     	4.61      
91.00     	68.29     	52.61     	75.45     	4.61      
91.50     	70.95     	54.47     	77.88     	4.60      
92.00     	73.05     	55.57     	79.64     	4.60      
92.50     	73.13     	55.48     	80.20     	4.60      
93.00     	73.49     	55.64     	80.65     	4.59      
93.50     	73.79     	55.74     	80.72     	4.58      
94.00     	73.21     	55.17     	80.04     	4.58      
94.50     	72.61     	54.77     	79.48     	4.57      
95.00     	71.09     	54.05     	78.64     	4.57      
95.50     	67.42     	52.19     	76.75     	4.56      
96.00     	65.64     	51.83     	76.35     	4.56      
96.50     	67.69     	53.30     	77.93     	4.56      
97.00     	71.54     	54.88     	79.97     	4.56      
97.50     	72.91     	55.53     	81.33     	4.56      
98.00     	72.45     	55.55     	81.56     	4.57      
98.50     	71.82     	55.23     	80.50     	4.57      
99.00     	70.56     	53.99     	78.20     	4.58      
99.50     	68.77     	52.33     	75.73     	4.58      
100.00    	67.24     	51.79     	74.98     	4.58      
100.50    	65.55     	52.08     	75.55     	4.59      
101.00    	63.33     	52.13     	76.01     	4.59      
101.50    	64.50     	53.43     	77.88     	4.59      
102.00    	68.89     	56.11     	81.44     	4.59      
102.50    	72.39     	58.50     	85.01     	4.60      
103.00    	74.05     	59.63     	87.08     	4.59      
103.50    	74.46     	59.50     	87.39     	4.59      
104.00    	74.59     	58.59     	86.45     	4.59      
104.50    	74.76     	57.55     	84.91     	4.58      
105.00    	73.87     	56.23     	82.71     	4.58      
105.50    	70.46     	54.02     	79.57     	4.57      
106.00    	69.43     	52.76     	78.46     	4.56      
106.50    	72.85     	53.98     	80.73     	4.54      
107.00    	76.25     	56.82     	83.66     	4.53      
107.50    	77.19     	57.72     	84.07     	4.52      
108.00    	76.40     	56.64     	82.31     	4.51      
108.50    	76.34     	56.76     	81.52     	4.50      
109.00    	76.06     	57.28     	81.16     	4.49      
109.50    	73.78     	56.64     	79.67     	4.49      
110.00    	69.20     	54.80     	76.65     	4.49      
110.50    	67.52     	54.59     	76.42     	4.49      
111.00    	70.56     	56.58     	79.40     	4.50      
111.50    	74.53     	58.30     	81.28     	4.52      
112.00    	76.69     	58.94     	81.80     	4.53      
112.50    	77.71     	59.05     	81.98     	4.54      
113.00    	78.84     	59.12     	82.33     	4.56      
113.50    	78.92     	58.23     	81.64     	4.57      
114.00    	78.17     	57.21     	80.59     	4.58      
114.50    	77.24     	57.19     	80.34     	4.58      
115.00    	73.82     	55.55     	78.61     	4.58      
115.50    	70.38     	53.83     	76.65     	4.57      
116.00    	71.79     	55.44     	77.75     	4.56      
116.50    	75.66     	56.82     	80.15     	4.55      
117.00    	78.12     	57.41     	82.07     	4.53      
117.50    	77.72     	57.70     	82.61     	4.51      
118.00    	76.46     	57.33     	82.06     	4.49      
118.50    	76.54     	57.84     	83.34     	4.47      
119.00    	77.85     	59.55     	86.39     	4.45      
119.50    	76.90     	59.88     	85.74     	4.43      
120.00    	73.90     	58.45     	83.15     	4.42      
120.50    	70.26     	56.67     	80.62     	4.41      
121.00    	68.18     	56.11     	78.47     	4.40      
121.50    	71.79     	56.62     	79.43     	4.40      
122.00    	76.11     	57.90     	82.03     	4.40      
122.50    	76.53     	58.38     	82.70     	4.40      
123.00    	73.55     	56.05     	79.00     	4.41      
123.50    	70.03     	53.13     	74.13     	4.42      
124.00    	68.50     	52.20     	71.88     	4.42      
124.50    	67.89     	52.61     	72.30     	4.43      
125.00    	66.47     	53.20     	74.28     	4.44      
125.50    	63.29     	53.67     	75.76     	4.45      
126.00    	61.94     	54.68     	77.38     	4.46      
126.50    	67.67     	57.46     	82.10     	4.47      
127.00    	74.22     	61.65     	88.14     	4.48      
127.50    	78.35     	64.47     	92.03     	4.49      
128.00    	79.55     	64.11     	91.77     	4.50      
128.50    	78.26     	61.31     	87.96     	4.51      
129.00    	77.43     	58.75     	84.03     	4.52      
129.50    	78.19     	57.75     	81.75     	4.52      
130.00    	76.85     	56.24     	78.35     	4.52      
130.50    	73.26     	54.20     	74.38     	4.53      
131.00    	71.21     	53.64     	73.39     	4.52      
131.50    	73.36     	54.51     	74.93     	4.52      
132.00    	77.03     	55.74     	77.35     	4.52      
132.50    	77.96     	56.24     	78.98     	4.52      
133.00    	77.06     	55.69     	78.70     	4.51      
133.50    	75.58     	54.41     	77.22     	4.51      
134.00    	74.30     	53.07     	76.26     	4.50      
134.50    	72.78     	52.16     	76.13     	4.50      
135.00    	70.22     	51.81     	76.42     	4.49      
135.50    	66.09     	51.24     	75.87     	4.49      
136.00    	63.60     	51.09     	75.61     	4.49      
136.50    	67.77     	53.07     	78.44     	4.49      
137.00    	72.18     	54.83     	81.18     	4.49      
137.50    	73.65     	55.61     	82.22     	4.49      
138.00    	74.02     	56.45     	82.51     	4.49      
138.50    	73.85     	56.76     	82.35     	4.49      
139.00    	73.46     	56.53     	81.85     	4.50      
139.50    	73.06     	56.58     	81.10     	4.50      
140.00    	71.58     	56.02     	79.52     	4.50      
140.50    	68.50     	54.31     	77.00     	4.51      
141.00    	66.23     	53.64     	75.36     	4.51      
141.50    	67.59     	54.58     	76.19     	4.51      
142.00    	71.90     	56.12     	78.80     	4.52      
142.50    	74.40     	56.92     	80.14     	4.52      
143.00    	74.83     	56.60     	79.63     	4.52      
143.50    	74.32     	55.46     	78.09     	4.52      
144.00    	73.92     	54.19     	76.81     	4.53      
144.50    	73.68     	53.34     	76.26     	4.53      
145.00    	72.79     	52.80     	75.93     	4.53      
145.50    	69.87     	51.68     	74.44     	4.54      
146.00    	67.09     	51.34     	73.66     	4.54      
146.50    	67.85     	52.90     	75.47     	4.55      
147.00    	72.97     	55.46     	79.01     	4.55      
147.50    	77.11     	57.60     	82.04     	4.56      
148.00    	78.64     	58.81     	83.39     	4.56      
148.50    	78.73     	58.94     	83.02     	4.56      
149.00    	77.90     	57.70     	81.36     	4.56      
149.50    	76.97     	56.60     	79.79     	4.56      
150.00    	75.99     	56.47     	78.93     	4.56      
150.50    	73.34     	55.57     	77.38     	4.55      
151.00    	69.25     	54.06     	75.68     	4.54      
151.50    	67.15     	53.52     	75.52     	4.53      
152.00    	71.30     	54.94     	77.61     	4.51      
152.50    	75.64     	56.23     	79.70     	4.49      
153.00    	76.83     	56.49     	80.45     	4.48      
153.50    	75.98     	56.24     	80.18     	4.46      
154.00    	74.91     	55.80     	80.06     	4.45      
154.50    	74.81     	55.90     	80.70     	4.43      
155.00    	75.75     	56.99     	82.16     	4.42      
155.50    	75.63     	58.01     	83.65     	4.42      
156.00    	72.77     	56.88     	82.58     	4.42      
156.50    	68.80     	54.86     	80.05     	4.42      
157.00    	68.36     	55.68     	80.92     	4.43      
157.50    	73.01     	56.28     	82.82     	4.44      
158.00    	77.31     	56.78     	84.12     	4.45      
158.50    	77.65     	56.70     	83.53     	4.47      
159.00    	75.12     	54.74     	80.62     	4.48      
159.50    	72.92     	53.15     	78.28     	4.49      
160.00    	72.42     	53.12     	77.97     	4.50      
160.50    	71.74     	53.49     	78.29     	4.51      
161.00    	69.03     	53.29     	77.97     	4.52      
161.50    	63.79     	52.21     	76.57     	4.52      
162.00    	62.64     	51.87     	76.55     	4.52      
162.50    	66.81     	53.31     	79.01     	4.51      
163.00    	69.61     	55.52     	81.95     	4.51      
163.50    	69.87     	56.44     	83.01     	4.49      
164.00    	69.15     	56.22     	82.77     	4.48      
164.50    	69.37     	56.24     	83.06     	4.47      
165.00    	69.36     	56.05     	82.59     	4.45      
165.50    	67.91     	55.26     	80.73     	4.44      
166.00    	65.17     	54.33     	79.02     	4.43      
166.50    	63.62     	54.36     	78.85     	4.42      
167.00    	65.94     	56.11     	81.05     	4.41      
167.50    	71.58     	58.86     	84.89     	4.41      
168.00    	74.47     	60.00     	86.67     	4.40      
168.50    	74.90     	59.88     	86.49     	4.40      
169.00    	75.98     	59.94     	86.07     	4.40      
169.50    	76.64     	59.52     	84.73     	4.40      
170.00    	75.42     	58.18     	82.04     	4.40      
170.50    	71.68     	56.24     	78.62     	4.41      
171.00    	68.93     	54.65     	76.29     	4.41      
171.50    	70.41     	54.33     	76.53     	4.41      
172.00    	72.95     	55.36     	78.30     	4.41      
172.50    	74.73     	56.87     	80.48     	4.42      
173.00    	75.55     	57.87     	82.05     	4.42      
173.50    	75.57     	58.01     	81.98     	4.41      
174.00    	75.47     	57.55     	81.11     	4.41      
174.50    	75.05     	56.58     	79.91     	4.40      
175.00    	72.47     	54.53     	76.59     	4.39      
175.50    	71.39     	53.23     	74.42     	4.38      
176.00    	73.72     	54.10     	76.15     	4.36      
176.50    	75.44     	56.01     	79.63     	4.34      
177.00    	75.47     	56.74     	81.37     	4.32      
177.50    	74.36     	55.73     	80.45     	4.31      
178.00    	73.19     	54.82     	79.38     	4.29      
178.50    	70.90     	53.70     	78.20     	4.29      
179.00    	67.31     	52.05     	76.63     	4.29      
179.50    	66.12     	51.91     	76.45     	4.30      
180.00    	68.18     	53.47     	78.21     	4.31      
180.50    	71.46     	55.48     	80.85     	4.33      
181.00    	73.03     	56.63     	82.53     	4.36      
181.50    	73.79     	57.47     	83.65     	4.38      
182.00    	74.65     	58.16     	84.30     	4.41      
182.50    	74.67     	57.49     	83.17     	4.44      
183.00    	74.13     	56.40     	81.68     	4.46      
183.50    	72.68     	55.91     	80.97     	4.48      
184.00    	68.21     	55.09     	79.29     	4.50      
184.50    	67.29     	54.88     	78.59     	4.51      
185.00    	72.20     	55.95     	79.84     	4.52      
185.50    	75.59     	57.17     	80.69     	4.52      
186.00    	75.89     	57.35     	80.80     	4.52      
186.50    	74.94     	56.90     	80.35     	4.52      
187.00    	74.86     	56.78     	79.44     	4.52      
187.50    	74.40     	56.22     	78.01     	4.51      
188.00    	72.71     	54.93     	76.18     	4.51      
188.50    	70.04     	53.43     	74.44     	4.51      
189.00    	67.16     	52.14     	73.82     	4.50      
189.50    	64.66     	51.51     	74.70     	4.50      
190.00    	63.08     	51.98     	76.33     	4.50      
190.50    	65.81     	53.72     	79.20     	4.50      
191.00    	71.10     	55.82     	82.37     	4.50      
191.50    	72.62     	56.85     	83.70     	4.51      
192.00    	73.35     	57.46     	84.85     	4.51      
192.50    	74.55     	57.67     	85.83     	4.51      
193.00    	74.42     	56.86     	84.86     	4.52      
193.50    	73.92     	56.17     	83.50     	4.52      
194.00    	73.44     	56.06     	82.67     	4.52      
194.50    	70.65     	54.68     	80.08     	4.52      
195.00    	67.36     	53.29     	77.87     	4.53      
195.50    	67.50     	54.01     	79.09     	4.53      
196.00    	71.62     	55.36     	81.22     	4.53      
196.50    	75.32     	56.75     	83.37     	4.52      
197.00    	76.39     	57.93     	84.73     	4.52      
197.50    	76.45     	58.51     	84.13     	4.52      
198.00    	76.40     	58.39     	82.73     	4.51      
198.50    	76.45     	57.68     	81.54     	4.51      
199.00    	76.04     	56.57     	80.41     	4.50      
199.50    	73.91     	54.98     	79.01     	4.49      
200.00    	70.02     	53.18     	77.49     	4.48      
200.50    	69.35     	53.21     	77.55     	4.47      
201.00    	71.90     	54.52     	79.02     	4.46      
201.50    	73.96     	55.22     	80.25     	4.45      
202.00    	74.46     	55.50     	80.30     	4.44      
202.50    	73.92     	55.39     	79.78     	4.43      
203.00    	73.26     	54.91     	79.70     	4.42      
203.50    	72.82     	54.68     	80.10     	4.41      
204.00    	71.38     	54.46     	79.94     	4.41      
204.50    	67.67     	53.57     	78.13     	4.41      
205.00    	66.33     	53.27     	77.49     	4.41      
205.50    	68.75     	54.27     	79.30     	4.41      
206.00    	71.19     	55.92     	81.87     	4.42      
206.50    	72.88     	57.43     	84.19     	4.42      
207.00    	73.72     	58.34     	85.46     	4.42      
207.50    	73.55     	58.52     	85.34     	4.42      
208.00    	72.62     	58.15     	84.87     	4.42      
208.50    	70.67     	57.26     	83.32     	4.41      
209.00    	69.41     	56.58     	81.25     	4.40      
209.50    	73.61     	57.75     	83.38     	4.38      
210.00    	77.23     	59.15     	85.65     	4.35      
210.50    	77.57     	59.93     	86.21     	4.33      
211.00    	77.67     	60.72     	87.12     	4.31      
211.50    	78.40     	61.25     	87.71     	4.29      
212.00    	78.91     	61.14     	87.18     	4.27      
212.50    	77.05     	59.88     	84.97     	4.27      
213.00    	71.57     	57.08     	80.93     	4.27      
213.50    	68.65     	55.44     	78.51     	4.28      
214.00    	70.21     	55.76     	79.15     	4.30      
214.50    	72.69     	56.80     	81.26     	4.32      
215.00    	74.38     	58.70     	83.07     	4.34      
215.50    	74.41     	59.75     	84.06     	4.37      
216.00    	73.26     	58.94     	84.48     	4.40      
216.50    	73.28     	58.61     	84.71     	4.42      
217.00    	73.41     	58.35     	84.37     	4.45      
217.50    	71.50     	56.74     	83.00     	4.48      
218.00    	68.93     	55.29     	81.48     	4.50      
218.50    	66.49     	54.77     	80.73     	4.52      
219.00    	64.91     	54.94     	81.15     	4.53      
219.50    	67.50     	56.19     	82.16     	4.54      
220.00    	71.06     	57.98     	84.01     	4.55      
220.50    	72.01     	59.17     	85.92     	4.55      
221.00    	71.39     	58.96     	85.69     	4.55      
221.50    	70.59     	58.43     	84.14     	4.55      
222.00    	69.91     	58.12     	82.34     	4.55      
222.50    	68.40     	57.25     	80.50     	4.54      
223.00    	66.29     	55.99     	79.02     	4.53      
223.50    	63.91     	54.79     	77.93     	4.52      
224.00    	61.14     	53.94     	76.76     	4.51      
224.50    	61.44     	54.35     	77.53     	4.50      
225.00    	65.71     	56.04     	80.75     	4.49      
225.50    	67.30     	56.94     	82.19     	4.48      
226.00    	67.38     	57.65     	82.99     	4.47      
226.50    	68.49     	58.82     	84.83     	4.46      
227.00    	68.56     	58.80     	85.29     	4.45      
227.50    	67.20     	57.69     	84.10     	4.44      
228.00    	65.42     	56.81     	82.65     	4.43      
228.50    	62.94     	56.14     	81.12     	4.42      
229.00    	62.28     	56.31     	80.99     	4.42      
229.50    	66.11     	58.21     	83.78     	4.42      
230.00    	69.98     	60.70     	87.23     	4.41      
230.50    	71.67     	62.13     	89.21     	4.41      
231.00    	71.80     	61.99     	89.09     	4.42      
231.50    	72.24     	61.16     	87.75     	4.42      
232.00    	73.05     	60.32     	86.71     	4.42      
232.50    	72.80     	59.14     	85.71     	4.42      
233.00    	69.74     	56.64     	82.51     	4.42      
233.50    	67.34     	55.30     	80.51     	4.43      
234.00    	68.97     	56.19     	81.66     	4.43      
234.50    	73.68     	57.47     	83.81     	4.43      
235.00    	75.57     	57.75     	84.46     	4.44      
235.50    	74.54     	57.03     	83.49     	4.44      
236.00    	73.52     	55.98     	82.06     	4.44      
236.50    	73.20     	55.34     	81.32     	4.44      
237.00    	72.74     	55.03     	80.94     	4.45      
237.50    	69.91     	53.90     	78.75     	4.45      
238.00    	65.84     	52.58     	76.00     	4.45      
238.50    	63.75     	52.53     	75.51     	4.45      
239.00    	65.74     	53.91     	77.58     	4.44      
239.50    	69.29     	56.05     	81.10     	4.44      
240.00    	71.16     	57.72     	84.05     	4.44      
240.50    	71.26     	57.83     	84.48     	4.44      
241.00    	71.16     	57.29     	83.57     	4.44      
241.50    	71.51     	56.80     	82.55     	4.44      
242.00    	71.06     	55.80     	81.12     	4.44      
242.50    	68.88     	54.31     	78.62     	4.44      
243.00    	65.35     	53.05     	75.89     	4.45      
243.50    	63.11     	53.30     	76.04     	4.45      
244.00    	66.85     	55.24     	78.91     	4.46      
244.50    	73.28     	57.49     	81.91     	4.47      
245.00    	74.80     	58.27     	82.55     	4.47      
245.50    	73.71     	57.67     	81.32     	4.48      
246.00    	72.43     	56.68     	79.80     	4.49      
246.50    	71.98     	56.44     	79.55     	4.50      
247.00    	71.75     	56.57     	79.77     	4.50      
247.50    	70.46     	56.20     	79.10     	4.51      
248.00    	66.65     	54.59     	76.87     	4.51      
248.50    	62.56     	53.10     	75.14     	4.51      
249.00    	62.30     	53.76     	76.64     	4.50      
249.50    	65.65     	55.17     	79.04     	4.50      
250.00    	68.97     	56.44     	80.55     	4.49      
250.50    	69.75     	57.39     	80.97     	4.48      
251.00    	69.83     	57.78     	81.04     	4.48      
251.50    	69.57     	57.34     	80.41     	4.47      
252.00    	68.85     	56.18     	78.93     	4.46      
252.50    	68.14     	55.13     	77.51     	4.46      
253.00    	66.25     	53.86     	75.63     	4.45      
253.50    	62.86     	52.18     	73.32     	4.45      
254.00    	62.30     	52.16     	74.12     	4.45      
254.50    	65.42     	53.55     	76.96     	4.45      
255.00    	69.85     	55.48     	79.98     	4.45      
255.50    	72.40     	57.44     	82.86     	4.46      
256.00    	72.14     	57.26     	82.34     	4.46      
256.50    	70.73     	55.65     	79.78     	4.46      
257.00    	70.73     	55.25     	79.56     	4.47      
257.50    	70.52     	54.97     	79.42     	4.47      
258.00    	68.45     	53.83     	77.45     	4.47      
258.50    	65.39     	53.02     	75.84     	4.47      
259.00    	64.88     	53.44     	76.97     	4.46      
259.50    	67.96     	54.86     	79.95     	4.45      
260.00    	71.53     	56.17     	81.51     	4.45      
260.50    	73.11     	56.97     	82.47     	4.44      
261.00    	73.15     	57.15     	83.05     	4.43      
261.50    	73.21     	56.78     	82.82     	4.42      
262.00    	73.16     	56.19     	82.07     	4.42      
262.50    	71.54     	55.18     	80.64     	4.41      
263.00    	67.88     	53.59     	78.59     	4.41      
263.50    	67.49     	52.92     	78.12     	4.41      
264.00    	71.41     	54.39     	80.12     	4.41      
264.50    	76.01     	57.04     	83.15     	4.41      
265.00    	77.45     	58.24     	84.78     	4.42      
265.50    	77.06     	58.40     	84.97     	4.42      
266.00    	76.07     	58.06     	84.19     	4.41      
266.50    	74.21     	57.21     	82.80     	4.41      
267.00    	70.09     	55.54     	80.90     	4.39      
267.50    	66.11     	54.02     	79.37     	4.37      
268.00    	67.04     	54.36     	79.61     	4.34      
268.50    	71.19     	55.95     	81.72     	4.31      
269.00    	74.04     	57.25     	83.33     	4.28      
269.50    	73.82     	57.86     	83.90     	4.25      
270.00    	74.02     	59.21     	86.85     	4.22      
270.50    	74.80     	59.82     	88.02     	4.19      
271.00    	75.23     	59.08     	86.53     	4.17      
271.50    	75.29     	58.42     	86.54     	4.16      
272.00    	75.78     	58.51     	86.99     	4.16      
272.50    	76.52     	57.82     	86.14     	4.17      
273.00    	75.71     	56.13     	83.52     	4.18      
273.50    	72.21     	54.43     	80.41     	4.20      
274.00    	68.89     	53.36     	78.96     	4.23      
274.50    	71.53     	54.17     	79.87     	4.25      
275.00    	75.17     	55.49     	81.46     	4.28      
275.50    	75.07     	55.52     	81.41     	4.31      
276.00    	72.10     	53.97     	79.02     	4.33      
276.50    	69.64     	52.95     	77.23     	4.36      
277.00    	68.65     	53.36     	77.47     	4.38      
277.50    	66.32     	53.97     	78.18     	4.40      
278.00    	62.28     	54.03     	78.40     	4.41      
278.50    	59.30     	53.96     	78.53     	4.41      
279.00    	62.89     	55.87     	81.25     	4.41      
279.50    	68.70     	58.94     	86.24     	4.40      
280.00    	71.11     	61.02     	90.24     	4.39      
280.50    	71.22     	61.25     	90.34     	4.37      
281.00    	70.47     	60.41     	88.87     	4.35      
281.50    	69.56     	59.32     	87.01     	4.34      
282.00    	68.28     	58.27     	84.15     	4.32      
282.50    	65.49     	56.58     	80.56     	4.30      
283.00    	64.56     	55.40     	78.18     	4.29      
283.50    	69.41     	56.52     	78.78     	4.28      
284.00    	71.88     	57.27     	79.68     	4.27      
284.50    	71.21     	56.62     	79.28     	4.27      
285.00    	70.46     	55.18     	77.64     	4.26      
285.50    	69.97     	54.11     	76.11     	4.26      
286.00    	68.30     	53.18     	74.51     	4.27      
286.50    	64.31     	51.56     	72.01     	4.27      
287.00    	62.99     	50.72     	70.77     	4.27      
287.50    	65.34     	51.35     	71.50     	4.28      
288.00    	67.45     	52.63     	72.78     	4.29      
288.50    	68.83     	53.74     	74.15     	4.30      
289.00    	69.19     	54.17     	74.78     	4.30      
289.50    	68.11     	53.74     	73.82     	4.31      
290.00    	66.45     	52.92     	72.22     	4.32      
290.50    	65.02     	52.33     	71.24     	4.33      
291.00    	63.94     	52.44     	71.64     	4.34      
291.50    	62.26     	52.51     	71.89     	4.35      
292.00    	60.12     	51.84     	70.83     	4.35      
292.50    	61.46     	51.97     	71.63     	4.35      
293.00    	64.91     	53.62     	74.66     	4.36      
293.50    	67.10     	55.87     	77.90     	4.36      
294.00    	67.20     	56.27     	78.68     	4.35      
294.50    	66.62     	55.62     	78.34     	4.35      
295.00    	66.62     	55.44     	78.56     	4.35      
295.50    	65.69     	54.56     	76.94     	4.34      
296.00    	63.78     	53.32     	74.53     	4.33      
296.50    	62.22     	52.87     	73.80     	4.33      
297.00    	62.63     	52.95     	73.68     	4.32      
297.50    	64.41     	53.81     	74.37     	4.31      
298.00    	66.29     	55.76     	76.68     	4.30      
298.50    	68.70     	58.00     	79.51     	4.29      
299.00    	70.18     	58.89     	80.57     	4.28      
299.50    	69.80     	57.97     	79.06     	4.28      
300.00    	68.70     	56.71     	76.85     	4.28      
300.50    	67.82     	55.89     	75.74     	4.28      
301.00    	67.45     	55.53     	76.03     	4.29      
301.50    	66.97     	54.99     	75.72     	4.30      
302.00    	66.32     	54.48     	74.94     	4.32      
302.50    	65.77     	54.56     	74.84     	4.34      
303.00    	65.23     	55.14     	75.17     	4.37      
303.50    	64.05     	55.53     	75.37     	4.40      
304.00    	62.21     	55.27     	75.38     	4.43      
304.50    	63.53     	56.43     	77.10     	4.45      
305.00    	67.36     	58.71     	80.35     	4.48      
305.50    	70.27     	60.39     	83.38     	4.50      
306.00    	72.19     	61.95     	85.49     	4.52      
306.50    	72.88     	62.68     	85.94     	4.53      
307.00    	72.03     	61.59     	84.37     	4.53      
307.50    	70.51     	59.82     	82.00     	4.53      
308.00    	69.35     	58.33     	79.99     	4.51      
308.50    	69.39     	57.37     	78.95     	4.49      
309.00    	70.61     	57.74     	79.51     	4.45      
309.50    	72.29     	59.67     	81.68     	4.42      
310.00    	72.83     	60.75     	83.40     	4.37      
310.50    	71.92     	60.15     	83.83     	4.33      
311.00    	70.98     	59.58     	84.06     	4.29      
311.50    	70.43     	59.51     	84.27     	4.25      
312.00    	70.08     	59.73     	84.46     	4.22      
312.50    	69.58     	60.02     	85.48     	4.21      
313.00    	68.06     	59.84     	86.42     	4.20      
313.50    	65.55     	58.98     	85.92     	4.20      
314.00    	67.09     	59.79     	87.51     	4.22      
314.50    	73.12     	62.55     	91.47     	4.24      
315.00    	79.73     	65.33     	94.88     	4.27      
315.50    	83.35     	66.04     	95.46     	4.31      
316.00    	84.21     	64.79     	93.33     	4.35      
316.50    	84.53     	62.97     	90.03     	4.39      
317.00    	84.37     	61.17     	86.79     	4.44      
317.50    	82.94     	59.55     	84.51     	4.50      
318.00    	80.49     	58.06     	82.36     	4.55      
