Time      	MABP      	CBFV-L    	CBFV-R    	etCO2     
0.00      	63.92     	48.40     	41.96     	5.25      
0.50      	63.99     	50.61     	42.00     	5.24      
1.00      	67.19     	54.43     	43.03     	5.24      
1.50      	68.47     	54.54     	43.45     	5.23      
2.00      	67.50     	52.56     	43.15     	5.22      
2.50      	67.18     	52.57     	43.06     	5.20      
3.00      	67.60     	53.00     	43.21     	5.19      
3.50      	65.80     	51.10     	42.67     	5.18      
4.00      	66.63     	52.99     	42.97     	5.17      
4.50      	69.73     	56.20     	44.00     	5.17      
5.00      	70.90     	56.33     	44.42     	5.17      
5.50      	70.33     	54.60     	44.29     	5.17      
6.00      	70.51     	54.21     	44.42     	5.19      
6.50      	70.42     	53.30     	44.48     	5.20      
7.00      	68.42     	51.31     	43.96     	5.23      
7.50      	68.79     	52.54     	44.21     	5.25      
8.00      	69.49     	53.27     	44.58     	5.27      
8.50      	69.60     	52.94     	44.77     	5.30      
9.00      	68.73     	50.87     	44.64     	5.31      
9.50      	66.66     	48.52     	44.15     	5.32      
10.00     	68.15     	50.98     	44.76     	5.33      
10.50     	70.13     	53.38     	45.50     	5.32      
11.00     	69.84     	53.09     	45.49     	5.31      
11.50     	68.72     	51.74     	45.19     	5.30      
12.00     	68.81     	51.55     	45.23     	5.29      
12.50     	67.97     	49.61     	44.94     	5.27      
13.00     	65.49     	47.01     	44.11     	5.24      
13.50     	66.84     	49.62     	44.45     	5.22      
14.00     	69.11     	52.55     	45.04     	5.20      
14.50     	68.64     	51.89     	44.72     	5.17      
15.00     	66.07     	48.70     	43.71     	5.15      
15.50     	65.65     	48.06     	43.39     	5.13      
16.00     	67.03     	48.91     	43.63     	5.11      
16.50     	66.68     	48.81     	43.33     	5.09      
17.00     	66.30     	49.17     	43.03     	5.09      
17.50     	64.81     	47.76     	42.42     	5.09      
18.00     	64.32     	47.18     	42.18     	5.10      
18.50     	64.27     	46.30     	42.12     	5.12      
19.00     	62.84     	45.06     	41.69     	5.16      
19.50     	63.97     	47.06     	42.13     	5.21      
20.00     	64.32     	47.11     	42.37     	5.27      
20.50     	63.20     	46.44     	42.20     	5.33      
21.00     	63.95     	47.78     	42.67     	5.40      
21.50     	64.23     	48.00     	43.03     	5.45      
22.00     	64.97     	48.77     	43.55     	5.50      
22.50     	65.48     	49.13     	44.01     	5.53      
23.00     	66.02     	49.93     	44.48     	5.54      
23.50     	66.80     	50.60     	44.99     	5.53      
24.00     	66.31     	50.08     	45.07     	5.51      
24.50     	66.75     	50.44     	45.41     	5.47      
25.00     	66.55     	49.44     	45.49     	5.43      
25.50     	67.41     	50.02     	45.85     	5.38      
26.00     	69.95     	52.20     	46.67     	5.33      
26.50     	71.23     	53.13     	47.00     	5.29      
27.00     	69.70     	51.08     	46.37     	5.24      
27.50     	65.75     	47.20     	44.91     	5.21      
28.00     	66.60     	48.64     	44.95     	5.19      
28.50     	71.22     	52.58     	46.14     	5.19      
29.00     	72.91     	53.06     	46.34     	5.21      
29.50     	69.43     	48.63     	44.86     	5.26      
30.00     	65.96     	45.51     	43.40     	5.34      
30.50     	67.85     	48.06     	43.66     	5.44      
31.00     	69.32     	49.90     	43.79     	5.54      
31.50     	68.90     	50.07     	43.35     	5.63      
32.00     	68.38     	49.23     	42.91     	5.70      
32.50     	68.71     	48.63     	42.78     	5.73      
33.00     	69.02     	47.88     	42.70     	5.72      
33.50     	67.92     	46.91     	42.22     	5.64      
34.00     	68.57     	48.37     	42.35     	5.51      
34.50     	68.98     	48.98     	42.45     	5.35      
35.00     	69.13     	48.91     	42.52     	5.19      
35.50     	69.72     	48.65     	42.78     	5.05      
36.00     	70.02     	48.18     	42.97     	4.95      
36.50     	68.43     	46.34     	42.60     	4.90      
37.00     	66.71     	45.60     	42.23     	4.93      
37.50     	66.98     	46.60     	42.50     	5.00      
38.00     	65.79     	45.85     	42.32     	5.10      
38.50     	65.98     	46.83     	42.58     	5.22      
39.00     	68.14     	49.19     	43.45     	5.34      
39.50     	69.51     	50.39     	44.04     	5.44      
40.00     	68.52     	48.87     	43.85     	5.50      
40.50     	67.43     	47.93     	43.60     	5.53      
41.00     	67.36     	48.13     	43.66     	5.54      
41.50     	65.39     	46.68     	43.09     	5.52      
42.00     	65.68     	47.84     	43.22     	5.50      
42.50     	68.12     	50.27     	44.00     	5.48      
43.00     	68.67     	50.43     	44.16     	5.47      
43.50     	65.98     	47.29     	43.27     	5.47      
44.00     	64.24     	45.81     	42.67     	5.49      
44.50     	65.24     	46.73     	42.94     	5.52      
45.00     	63.17     	44.93     	42.23     	5.55      
45.50     	61.74     	45.45     	41.72     	5.57      
46.00     	64.05     	48.81     	42.40     	5.58      
46.50     	66.29     	50.60     	43.04     	5.57      
47.00     	66.74     	50.02     	43.08     	5.53      
47.50     	65.67     	48.65     	42.62     	5.46      
48.00     	65.98     	49.34     	42.59     	5.37      
48.50     	65.27     	48.82     	42.22     	5.26      
49.00     	64.55     	49.50     	41.85     	5.14      
49.50     	66.69     	52.87     	42.38     	5.04      
50.00     	69.95     	55.59     	43.26     	4.95      
50.50     	72.66     	55.94     	43.93     	4.89      
51.00     	72.43     	52.99     	43.66     	4.86      
51.50     	69.25     	48.32     	42.46     	4.86      
52.00     	69.64     	48.45     	42.43     	4.88      
52.50     	73.79     	51.63     	43.62     	4.92      
53.00     	75.73     	52.55     	44.12     	4.98      
53.50     	74.47     	50.84     	43.63     	5.04      
54.00     	71.88     	48.55     	42.78     	5.11      
54.50     	72.12     	49.22     	42.88     	5.18      
55.00     	72.50     	49.68     	43.07     	5.25      
55.50     	72.11     	49.42     	43.07     	5.30      
56.00     	71.32     	48.64     	42.99     	5.35      
56.50     	70.86     	48.39     	43.06     	5.37      
57.00     	69.25     	46.59     	42.80     	5.38      
57.50     	66.24     	44.16     	42.15     	5.38      
58.00     	67.40     	46.39     	42.82     	5.37      
58.50     	69.84     	49.13     	43.89     	5.35      
59.00     	69.41     	48.89     	44.05     	5.33      
59.50     	65.67     	45.63     	43.16     	5.31      
60.00     	63.51     	44.56     	42.76     	5.30      
60.50     	65.54     	46.76     	43.66     	5.29      
61.00     	67.38     	48.09     	44.46     	5.30      
61.50     	67.36     	47.65     	44.62     	5.30      
62.00     	65.87     	46.08     	44.28     	5.31      
62.50     	66.55     	46.95     	44.57     	5.33      
63.00     	67.51     	47.68     	44.90     	5.35      
63.50     	67.66     	48.10     	44.92     	5.37      
64.00     	68.38     	48.67     	45.07     	5.39      
64.50     	68.52     	47.97     	44.99     	5.41      
65.00     	68.14     	46.38     	44.72     	5.44      
65.50     	66.56     	44.26     	44.04     	5.46      
66.00     	67.06     	45.15     	44.01     	5.48      
66.50     	67.73     	45.57     	44.03     	5.50      
67.00     	67.26     	44.97     	43.68     	5.52      
67.50     	67.49     	45.03     	43.57     	5.54      
68.00     	64.62     	42.54     	42.50     	5.56      
68.50     	63.28     	42.89     	41.96     	5.59      
69.00     	67.05     	47.08     	43.07     	5.62      
69.50     	70.12     	49.18     	43.98     	5.66      
70.00     	69.59     	47.78     	43.76     	5.70      
70.50     	66.76     	44.99     	42.85     	5.75      
71.00     	66.89     	45.32     	42.91     	5.80      
71.50     	66.91     	44.70     	42.98     	5.85      
72.00     	64.68     	43.12     	42.37     	5.90      
72.50     	65.33     	45.25     	42.69     	5.94      
73.00     	65.56     	46.43     	42.90     	5.97      
73.50     	64.37     	46.31     	42.67     	5.98      
74.00     	64.22     	46.42     	42.77     	5.98      
74.50     	64.97     	47.08     	43.16     	5.96      
75.00     	65.89     	47.83     	43.60     	5.92      
75.50     	63.20     	45.26     	42.87     	5.86      
76.00     	61.60     	45.38     	42.49     	5.79      
76.50     	64.21     	49.32     	43.45     	5.72      
77.00     	66.25     	51.36     	44.20     	5.65      
77.50     	67.09     	51.53     	44.54     	5.59      
78.00     	67.31     	51.18     	44.66     	5.54      
78.50     	68.22     	51.94     	44.98     	5.52      
79.00     	68.07     	51.57     	44.95     	5.51      
79.50     	68.07     	52.05     	44.94     	5.52      
80.00     	68.76     	52.80     	45.14     	5.55      
80.50     	68.48     	51.85     	45.00     	5.59      
81.00     	67.76     	49.84     	44.71     	5.65      
81.50     	66.34     	47.75     	44.19     	5.71      
82.00     	67.27     	48.88     	44.39     	5.79      
82.50     	67.56     	48.80     	44.37     	5.87      
83.00     	66.35     	48.00     	43.84     	5.95      
83.50     	66.59     	49.07     	43.76     	6.01      
84.00     	65.22     	48.67     	43.16     	6.07      
84.50     	64.64     	49.49     	42.79     	6.10      
85.00     	66.15     	51.11     	43.07     	6.10      
85.50     	67.51     	51.82     	43.29     	6.07      
86.00     	67.26     	51.30     	42.98     	5.99      
86.50     	66.35     	51.35     	42.46     	5.89      
87.00     	66.26     	52.10     	42.21     	5.76      
87.50     	64.32     	50.41     	41.38     	5.63      
88.00     	64.63     	51.46     	41.30     	5.51      
88.50     	68.50     	55.00     	42.37     	5.40      
89.00     	71.46     	56.22     	43.16     	5.33      
89.50     	71.29     	54.01     	42.97     	5.31      
90.00     	70.88     	52.63     	42.73     	5.34      
90.50     	70.78     	52.12     	42.63     	5.40      
91.00     	68.70     	50.71     	41.97     	5.49      
91.50     	69.08     	52.10     	42.15     	5.59      
92.00     	70.87     	53.22     	42.81     	5.68      
92.50     	71.85     	53.00     	43.26     	5.76      
93.00     	71.14     	51.77     	43.20     	5.81      
93.50     	70.21     	51.77     	43.11     	5.82      
94.00     	72.35     	54.58     	44.01     	5.79      
94.50     	74.11     	55.91     	44.80     	5.74      
95.00     	73.61     	54.94     	44.86     	5.68      
95.50     	70.34     	51.42     	44.07     	5.60      
96.00     	69.57     	51.16     	44.07     	5.53      
96.50     	73.05     	54.95     	45.39     	5.47      
97.00     	74.38     	56.12     	45.99     	5.42      
97.50     	70.92     	52.42     	45.07     	5.40      
98.00     	66.98     	49.40     	43.99     	5.39      
98.50     	67.65     	51.25     	44.34     	5.40      
99.00     	68.78     	52.51     	44.78     	5.41      
99.50     	68.88     	52.45     	44.87     	5.41      
100.00    	68.22     	51.41     	44.67     	5.42      
100.50    	68.37     	51.76     	44.69     	5.41      
101.00    	69.95     	53.41     	45.10     	5.40      
101.50    	70.27     	53.81     	45.07     	5.37      
102.00    	69.34     	52.85     	44.62     	5.34      
102.50    	67.30     	50.64     	43.79     	5.30      
103.00    	69.17     	52.50     	44.17     	5.26      
103.50    	73.62     	56.17     	45.32     	5.22      
104.00    	74.18     	55.65     	45.22     	5.18      
104.50    	70.08     	50.90     	43.66     	5.15      
105.00    	68.68     	49.89     	42.97     	5.11      
105.50    	72.05     	53.19     	43.80     	5.08      
106.00    	74.74     	55.15     	44.42     	5.05      
106.50    	76.37     	55.33     	44.71     	5.02      
107.00    	77.43     	54.23     	44.84     	4.99      
107.50    	76.28     	51.72     	44.31     	4.96      
108.00    	73.32     	49.64     	43.27     	4.94      
108.50    	73.05     	50.46     	43.12     	4.93      
109.00    	73.19     	50.47     	43.13     	4.92      
109.50    	73.08     	49.76     	43.10     	4.94      
110.00    	72.76     	48.92     	43.03     	4.98      
110.50    	72.54     	48.51     	43.01     	5.05      
111.00    	70.40     	46.30     	42.42     	5.14      
111.50    	68.01     	45.18     	41.76     	5.25      
112.00    	68.44     	47.21     	41.99     	5.36      
112.50    	68.15     	48.12     	42.01     	5.48      
113.00    	67.97     	48.58     	42.05     	5.59      
113.50    	68.54     	49.02     	42.32     	5.69      
114.00    	68.37     	48.61     	42.37     	5.76      
114.50    	65.10     	45.87     	41.45     	5.80      
115.00    	63.38     	45.88     	41.03     	5.81      
115.50    	64.78     	48.07     	41.60     	5.81      
116.00    	64.29     	47.88     	41.60     	5.79      
116.50    	63.60     	47.61     	41.55     	5.76      
117.00    	63.14     	46.95     	41.58     	5.74      
117.50    	64.02     	48.23     	42.06     	5.71      
118.00    	65.29     	50.10     	42.68     	5.70      
118.50    	64.85     	50.58     	42.76     	5.70      
119.00    	64.87     	51.23     	43.00     	5.70      
119.50    	64.53     	51.11     	43.12     	5.71      
120.00    	64.32     	51.46     	43.30     	5.72      
120.50    	62.94     	49.90     	43.09     	5.73      
121.00    	63.09     	50.06     	43.37     	5.73      
121.50    	67.83     	54.47     	45.09     	5.71      
122.00    	71.54     	57.07     	46.42     	5.69      
122.50    	70.84     	55.43     	46.27     	5.65      
123.00    	68.73     	53.24     	45.64     	5.60      
123.50    	69.00     	53.12     	45.72     	5.55      
124.00    	68.50     	51.31     	45.51     	5.51      
124.50    	69.30     	51.13     	45.67     	5.47      
125.00    	72.65     	53.17     	46.58     	5.44      
125.50    	74.32     	53.40     	46.90     	5.43      
126.00    	71.36     	49.17     	45.72     	5.44      
126.50    	67.22     	45.38     	44.17     	5.46      
127.00    	68.59     	48.22     	44.37     	5.49      
127.50    	70.76     	51.20     	44.82     	5.53      
128.00    	70.19     	50.37     	44.41     	5.57      
128.50    	67.88     	46.84     	43.49     	5.62      
129.00    	67.21     	45.72     	43.12     	5.65      
129.50    	68.31     	46.55     	43.35     	5.68      
130.00    	66.51     	45.01     	42.71     	5.69      
130.50    	65.71     	45.45     	42.43     	5.70      
131.00    	65.10     	45.66     	42.26     	5.71      
131.50    	62.49     	44.42     	41.51     	5.71      
132.00    	63.73     	46.70     	42.00     	5.70      
132.50    	67.28     	49.66     	43.25     	5.70      
133.00    	68.80     	50.34     	43.86     	5.70      
133.50    	66.98     	48.21     	43.41     	5.69      
134.00    	65.94     	47.70     	43.21     	5.69      
134.50    	66.10     	47.95     	43.39     	5.70      
135.00    	62.78     	45.38     	42.48     	5.70      
135.50    	61.63     	46.12     	42.25     	5.70      
136.00    	64.54     	49.56     	43.31     	5.70      
136.50    	66.85     	51.53     	44.14     	5.70      
137.00    	65.70     	49.74     	43.84     	5.71      
137.50    	62.23     	46.27     	42.78     	5.71      
138.00    	63.08     	47.58     	43.10     	5.70      
138.50    	65.72     	49.48     	43.95     	5.70      
139.00    	66.23     	49.77     	44.10     	5.70      
139.50    	65.41     	49.25     	43.79     	5.69      
140.00    	64.10     	47.71     	43.32     	5.68      
140.50    	65.98     	49.20     	43.86     	5.67      
141.00    	66.55     	49.80     	43.95     	5.65      
141.50    	63.99     	48.97     	43.04     	5.63      
142.00    	63.91     	50.68     	42.93     	5.61      
142.50    	64.68     	52.08     	43.08     	5.58      
143.00    	65.34     	52.88     	43.20     	5.55      
143.50    	65.72     	52.45     	43.21     	5.50      
144.00    	67.09     	53.02     	43.54     	5.46      
144.50    	69.20     	54.24     	44.08     	5.40      
145.00    	69.81     	54.66     	44.12     	5.35      
145.50    	69.95     	55.08     	43.99     	5.30      
146.00    	69.36     	54.17     	43.63     	5.25      
146.50    	70.02     	53.47     	43.65     	5.22      
147.00    	71.22     	52.66     	43.85     	5.19      
147.50    	72.58     	52.59     	44.08     	5.19      
148.00    	71.81     	50.81     	43.62     	5.20      
148.50    	69.88     	49.36     	42.81     	5.23      
149.00    	69.83     	49.98     	42.61     	5.27      
149.50    	69.22     	49.23     	42.24     	5.31      
150.00    	68.57     	47.82     	41.88     	5.35      
150.50    	67.38     	45.82     	41.38     	5.39      
151.00    	67.49     	46.53     	41.30     	5.41      
151.50    	67.26     	46.61     	41.14     	5.43      
152.00    	63.08     	43.17     	39.76     	5.44      
152.50    	61.76     	44.00     	39.33     	5.44      
153.00    	63.56     	46.58     	39.91     	5.44      
153.50    	63.61     	46.69     	39.95     	5.44      
154.00    	64.75     	48.29     	40.35     	5.44      
154.50    	66.85     	50.38     	41.07     	5.45      
155.00    	68.27     	51.09     	41.57     	5.47      
155.50    	67.38     	49.08     	41.34     	5.48      
156.00    	66.61     	48.20     	41.16     	5.50      
156.50    	66.80     	47.99     	41.30     	5.52      
157.00    	64.25     	45.38     	40.60     	5.54      
157.50    	63.75     	45.98     	40.57     	5.54      
158.00    	66.71     	49.00     	41.67     	5.54      
158.50    	69.02     	50.75     	42.55     	5.52      
159.00    	68.86     	50.05     	42.65     	5.49      
159.50    	67.84     	49.06     	42.48     	5.45      
160.00    	67.66     	48.86     	42.60     	5.40      
160.50    	64.66     	45.89     	41.84     	5.36      
161.00    	63.20     	45.99     	41.59     	5.31      
161.50    	66.64     	50.19     	42.92     	5.28      
162.00    	69.62     	52.39     	44.08     	5.25      
162.50    	68.57     	50.09     	43.93     	5.24      
163.00    	66.16     	47.47     	43.34     	5.24      
163.50    	70.30     	52.41     	44.82     	5.25      
164.00    	75.35     	56.27     	46.54     	5.27      
164.50    	70.33     	48.72     	45.02     	5.30      
165.00    	61.49     	39.45     	42.30     	5.33      
165.50    	62.32     	41.64     	42.64     	5.36      
166.00    	67.34     	46.61     	44.29     	5.39      
166.50    	66.35     	45.65     	43.98     	5.41      
167.00    	65.10     	45.31     	43.55     	5.43      
167.50    	64.24     	44.22     	43.21     	5.44      
168.00    	61.77     	42.61     	42.33     	5.45      
168.50    	62.57     	45.35     	42.47     	5.47      
169.00    	64.36     	47.49     	42.90     	5.48      
169.50    	65.23     	47.95     	43.01     	5.50      
170.00    	65.56     	47.86     	42.92     	5.52      
170.50    	65.59     	48.16     	42.73     	5.55      
171.00    	66.13     	48.49     	42.70     	5.57      
171.50    	63.63     	45.07     	41.70     	5.60      
172.00    	61.94     	43.75     	41.00     	5.63      
172.50    	63.17     	45.57     	41.26     	5.66      
173.00    	62.87     	46.05     	41.05     	5.69      
173.50    	62.41     	46.42     	40.83     	5.71      
174.00    	61.12     	44.83     	40.36     	5.73      
174.50    	60.55     	44.87     	40.16     	5.74      
175.00    	63.14     	48.30     	41.01     	5.75      
175.50    	64.58     	49.66     	41.50     	5.75      
176.00    	64.78     	49.80     	41.61     	5.75      
176.50    	63.33     	47.99     	41.19     	5.74      
177.00    	61.55     	46.86     	40.69     	5.73      
177.50    	63.13     	49.13     	41.30     	5.72      
178.00    	65.66     	51.16     	42.22     	5.71      
178.50    	67.68     	52.04     	42.96     	5.69      
179.00    	67.01     	49.85     	42.82     	5.68      
179.50    	66.30     	49.01     	42.66     	5.67      
180.00    	68.12     	51.12     	43.30     	5.65      
180.50    	67.96     	51.40     	43.30     	5.64      
181.00    	66.60     	50.76     	42.91     	5.63      
181.50    	64.79     	48.35     	42.37     	5.62      
182.00    	64.62     	47.91     	42.35     	5.62      
182.50    	67.53     	50.73     	43.31     	5.62      
183.00    	69.04     	51.50     	43.80     	5.63      
183.50    	68.28     	49.75     	43.53     	5.64      
184.00    	65.61     	46.25     	42.65     	5.66      
184.50    	64.70     	45.70     	42.34     	5.68      
185.00    	65.16     	45.83     	42.46     	5.71      
185.50    	63.67     	44.16     	41.97     	5.75      
186.00    	64.48     	45.88     	42.21     	5.78      
186.50    	65.85     	47.04     	42.63     	5.82      
187.00    	65.46     	46.29     	42.48     	5.84      
187.50    	66.17     	46.74     	42.69     	5.87      
188.00    	65.42     	45.49     	42.44     	5.88      
188.50    	65.29     	45.83     	42.39     	5.87      
189.00    	67.75     	48.61     	43.17     	5.85      
189.50    	69.58     	50.46     	43.75     	5.82      
190.00    	69.22     	49.76     	43.61     	5.76      
190.50    	66.86     	47.14     	42.84     	5.69      
191.00    	67.24     	47.60     	42.95     	5.61      
191.50    	68.72     	48.13     	43.40     	5.53      
192.00    	68.88     	47.65     	43.42     	5.46      
192.50    	68.82     	47.64     	43.35     	5.41      
193.00    	68.29     	47.79     	43.12     	5.39      
193.50    	68.85     	48.96     	43.22     	5.40      
194.00    	68.42     	48.54     	42.99     	5.45      
194.50    	67.88     	48.52     	42.71     	5.53      
195.00    	67.10     	48.36     	42.35     	5.63      
195.50    	65.46     	47.99     	41.72     	5.74      
196.00    	65.29     	48.74     	41.56     	5.85      
196.50    	65.17     	48.57     	41.43     	5.94      
197.00    	65.93     	49.40     	41.58     	6.02      
197.50    	66.91     	50.17     	41.81     	6.05      
198.00    	67.89     	50.98     	42.05     	6.05      
198.50    	66.91     	49.57     	41.69     	6.03      
199.00    	63.75     	46.95     	40.67     	5.98      
199.50    	64.44     	49.06     	40.92     	5.91      
200.00    	66.53     	51.48     	41.63     	5.84      
200.50    	67.64     	52.87     	42.05     	5.77      
201.00    	69.24     	54.74     	42.64     	5.70      
201.50    	70.98     	56.47     	43.28     	5.64      
202.00    	72.59     	57.31     	43.86     	5.60      
202.50    	73.25     	56.48     	44.13     	5.57      
203.00    	72.59     	53.83     	43.98     	5.56      
203.50    	69.73     	49.66     	43.14     	5.55      
204.00    	69.91     	50.04     	43.27     	5.55      
204.50    	72.77     	52.79     	44.22     	5.56      
205.00    	73.89     	53.16     	44.61     	5.57      
205.50    	72.17     	50.36     	44.08     	5.57      
206.00    	70.15     	48.21     	43.46     	5.58      
206.50    	70.26     	48.40     	43.50     	5.58      
207.00    	68.68     	46.75     	43.02     	5.58      
207.50    	67.88     	46.64     	42.80     	5.58      
208.00    	68.52     	47.60     	43.03     	5.58      
208.50    	68.58     	48.05     	43.09     	5.59      
209.00    	69.46     	49.18     	43.41     	5.59      
209.50    	69.95     	49.69     	43.62     	5.60      
210.00    	69.71     	49.55     	43.61     	5.61      
210.50    	66.58     	46.92     	42.72     	5.61      
211.00    	65.30     	46.41     	42.44     	5.62      
211.50    	70.46     	48.81     	44.20     	5.63      
212.00    	77.30     	50.37     	46.47     	5.64      
212.50    	80.01     	51.46     	47.39     	5.64      
213.00    	77.65     	51.61     	46.71     	5.64      
213.50    	74.42     	50.20     	45.76     	5.65      
214.00    	70.38     	46.13     	44.59     	5.65      
214.50    	70.24     	46.07     	44.64     	5.65      
215.00    	74.83     	50.52     	46.14     	5.66      
215.50    	76.14     	52.91     	46.57     	5.67      
216.00    	71.55     	51.71     	45.14     	5.68      
216.50    	65.71     	50.17     	43.32     	5.70      
217.00    	64.01     	50.78     	42.78     	5.72      
217.50    	63.85     	50.43     	42.70     	5.74      
218.00    	64.99     	50.31     	42.99     	5.76      
218.50    	66.39     	50.08     	43.33     	5.77      
219.00    	66.32     	50.20     	43.17     	5.78      
219.50    	64.71     	48.74     	42.51     	5.77      
220.00    	62.60     	46.64     	41.68     	5.76      
220.50    	63.92     	48.73     	41.94     	5.73      
221.00    	65.55     	50.25     	42.29     	5.69      
221.50    	65.32     	49.99     	42.06     	5.64      
222.00    	63.76     	48.23     	41.43     	5.59      
222.50    	61.25     	46.24     	40.53     	5.54      
223.00    	62.56     	48.93     	40.88     	5.49      
223.50    	66.02     	52.59     	41.95     	5.43      
224.00    	67.95     	54.31     	42.55     	5.38      
224.50    	67.35     	53.20     	42.37     	5.34      
225.00    	66.43     	52.35     	42.12     	5.30      
225.50    	68.88     	53.48     	42.97     	5.27      
226.00    	72.93     	53.42     	44.33     	5.26      
226.50    	76.27     	53.28     	45.45     	5.26      
227.00    	75.36     	51.77     	45.21     	5.27      
227.50    	73.43     	51.59     	44.65     	5.30      
228.00    	73.50     	52.51     	44.74     	5.35      
228.50    	73.20     	51.74     	44.72     	5.40      
229.00    	72.41     	50.67     	44.55     	5.47      
229.50    	69.35     	48.60     	43.67     	5.53      
230.00    	67.54     	48.39     	43.20     	5.59      
230.50    	67.52     	47.89     	43.29     	5.65      
231.00    	67.04     	46.72     	43.24     	5.69      
231.50    	68.23     	48.03     	43.70     	5.72      
232.00    	68.17     	47.85     	43.77     	5.74      
232.50    	67.37     	47.67     	43.61     	5.74      
233.00    	66.98     	47.80     	43.58     	5.73      
233.50    	65.68     	47.51     	43.27     	5.71      
234.00    	65.74     	48.53     	43.40     	5.69      
234.50    	66.48     	48.96     	43.76     	5.67      
235.00    	68.02     	49.61     	44.37     	5.65      
235.50    	69.07     	49.51     	44.83     	5.64      
236.00    	70.25     	50.04     	45.32     	5.63      
236.50    	70.07     	48.79     	45.38     	5.62      
237.00    	65.99     	44.74     	44.22     	5.62      
237.50    	65.99     	46.24     	44.37     	5.62      
238.00    	71.07     	50.97     	46.11     	5.63      
238.50    	73.74     	51.53     	47.05     	5.64      
239.00    	71.01     	46.83     	46.26     	5.65      
239.50    	68.14     	43.81     	45.43     	5.67      
240.00    	70.41     	46.08     	46.20     	5.68      
240.50    	70.10     	45.31     	46.13     	5.70      
241.00    	67.09     	43.72     	45.19     	5.72      
241.50    	67.64     	45.24     	45.35     	5.74      
242.00    	67.72     	44.92     	45.33     	5.75      
242.50    	68.20     	45.81     	45.39     	5.77      
243.00    	70.10     	47.51     	45.86     	5.77      
243.50    	69.60     	46.87     	45.52     	5.78      
244.00    	70.34     	48.87     	45.53     	5.78      
244.50    	72.34     	51.15     	45.90     	5.77      
245.00    	73.76     	51.44     	46.05     	5.77      
245.50    	75.37     	51.39     	46.23     	5.76      
246.00    	75.80     	51.29     	46.01     	5.76      
246.50    	76.04     	51.70     	45.74     	5.75      
247.00    	74.94     	50.61     	45.06     	5.75      
247.50    	74.65     	50.19     	44.66     	5.74      
248.00    	73.85     	48.34     	44.14     	5.74      
248.50    	71.79     	46.16     	43.29     	5.74      
249.00    	74.07     	48.87     	43.84     	5.75      
249.50    	77.36     	51.94     	44.73     	5.76      
250.00    	76.66     	51.10     	44.44     	5.78      
250.50    	72.16     	47.11     	43.04     	5.80      
251.00    	70.38     	46.22     	42.56     	5.82      
251.50    	71.95     	47.58     	43.18     	5.85      
252.00    	72.00     	47.73     	43.37     	5.87      
252.50    	71.09     	47.57     	43.31     	5.89      
253.00    	70.25     	47.46     	43.30     	5.91      
253.50    	70.24     	47.43     	43.57     	5.91      
254.00    	68.76     	45.99     	43.41     	5.92      
254.50    	67.80     	46.32     	43.40     	5.92      
255.00    	67.34     	47.32     	43.53     	5.91      
255.50    	67.74     	49.29     	43.91     	5.90      
256.00    	71.16     	52.81     	45.18     	5.88      
256.50    	72.08     	51.73     	45.62     	5.87      
257.00    	66.16     	44.28     	43.88     	5.85      
257.50    	61.24     	40.91     	42.41     	5.83      
258.00    	63.85     	45.59     	43.25     	5.81      
258.50    	65.18     	47.20     	43.63     	5.80      
259.00    	63.51     	46.62     	43.01     	5.79      
259.50    	65.07     	49.19     	43.34     	5.78      
260.00    	67.66     	51.18     	43.93     	5.77      
260.50    	67.19     	49.20     	43.49     	5.78      
261.00    	64.76     	46.35     	42.39     	5.79      
261.50    	65.58     	47.81     	42.31     	5.81      
262.00    	65.58     	47.69     	41.94     	5.83      
262.50    	63.13     	46.50     	40.81     	5.85      
263.00    	63.90     	49.13     	40.72     	5.87      
263.50    	65.76     	51.15     	41.01     	5.89      
264.00    	66.27     	51.12     	40.89     	5.90      
264.50    	65.78     	50.17     	40.51     	5.91      
265.00    	66.67     	51.21     	40.63     	5.91      
265.50    	67.84     	51.94     	40.90     	5.90      
266.00    	67.35     	51.86     	40.71     	5.88      
266.50    	68.37     	54.09     	41.08     	5.86      
267.00    	69.62     	55.27     	41.59     	5.83      
267.50    	70.64     	55.24     	42.09     	5.80      
268.00    	72.03     	54.81     	42.76     	5.77      
268.50    	72.82     	53.54     	43.30     	5.74      
269.00    	70.38     	49.59     	42.85     	5.71      
269.50    	68.73     	48.74     	42.70     	5.69      
270.00    	71.06     	52.19     	43.84     	5.67      
270.50    	72.13     	53.06     	44.57     	5.65      
271.00    	70.84     	50.58     	44.56     	5.64      
271.50    	69.81     	48.63     	44.62     	5.64      
272.00    	70.05     	48.33     	45.05     	5.65      
272.50    	67.96     	45.95     	44.72     	5.67      
273.00    	66.85     	45.95     	44.67     	5.69      
273.50    	67.71     	47.58     	45.21     	5.72      
274.00    	65.79     	46.54     	44.82     	5.74      
274.50    	64.72     	46.92     	44.67     	5.77      
275.00    	65.64     	48.20     	45.11     	5.78      
275.50    	67.12     	49.66     	45.68     	5.78      
276.00    	67.75     	49.82     	45.94     	5.77      
276.50    	66.84     	49.19     	45.69     	5.74      
277.00    	67.75     	51.26     	45.98     	5.71      
277.50    	68.37     	52.69     	46.17     	5.67      
278.00    	68.05     	52.95     	46.04     	5.63      
278.50    	67.91     	52.38     	45.97     	5.59      
279.00    	69.51     	53.28     	46.44     	5.57      
279.50    	72.46     	55.19     	47.32     	5.56      
280.00    	73.85     	55.66     	47.69     	5.56      
280.50    	72.94     	54.18     	47.32     	5.58      
281.00    	71.20     	52.58     	46.69     	5.61      
281.50    	70.31     	51.58     	46.34     	5.64      
282.00    	68.47     	49.25     	45.70     	5.68      
282.50    	68.39     	48.82     	45.61     	5.73      
283.00    	69.42     	48.96     	45.87     	5.78      
283.50    	69.97     	49.18     	45.96     	5.82      
284.00    	69.23     	48.10     	45.63     	5.86      
284.50    	66.19     	46.04     	44.58     	5.90      
285.00    	65.76     	48.27     	44.34     	5.92      
285.50    	67.02     	50.90     	44.64     	5.94      
286.00    	67.10     	50.78     	44.55     	5.95      
286.50    	65.53     	48.12     	43.94     	5.94      
287.00    	64.63     	47.51     	43.55     	5.92      
287.50    	67.94     	51.96     	44.48     	5.88      
288.00    	71.06     	55.18     	45.33     	5.83      
288.50    	70.53     	54.16     	45.01     	5.78      
289.00    	67.88     	51.63     	44.04     	5.72      
289.50    	68.31     	52.79     	44.05     	5.67      
290.00    	70.99     	54.94     	44.78     	5.62      
290.50    	72.16     	54.80     	45.03     	5.59      
291.00    	70.49     	52.24     	44.40     	5.58      
291.50    	69.89     	52.32     	44.12     	5.59      
292.00    	72.23     	55.05     	44.78     	5.62      
292.50    	73.17     	55.51     	45.00     	5.66      
293.00    	70.82     	52.56     	44.21     	5.70      
293.50    	66.99     	49.32     	42.97     	5.75      
294.00    	68.24     	51.87     	43.36     	5.79      
294.50    	72.73     	55.79     	44.76     	5.83      
295.00    	73.92     	55.26     	45.10     	5.85      
295.50    	70.24     	50.55     	43.90     	5.86      
296.00    	68.01     	49.38     	43.18     	5.85      
296.50    	70.08     	52.44     	43.80     	5.84      
297.00    	70.93     	53.26     	44.01     	5.82      
297.50    	69.13     	50.82     	43.39     	5.80      
298.00    	66.36     	47.68     	42.46     	5.78      
298.50    	66.60     	48.34     	42.46     	5.75      
299.00    	67.33     	48.90     	42.61     	5.74      
299.50    	66.78     	49.01     	42.34     	5.73      
300.00    	66.98     	49.79     	42.29     	5.72      
300.50    	65.17     	48.14     	41.61     	5.72      
301.00    	64.61     	48.90     	41.32     	5.72      
301.50    	67.15     	51.89     	42.01     	5.73      
302.00    	68.91     	53.06     	42.45     	5.74      
302.50    	67.96     	51.42     	42.03     	5.75      
303.00    	66.27     	50.22     	41.39     	5.77      
303.50    	67.67     	52.38     	41.75     	5.79      
304.00    	68.90     	53.22     	42.07     	5.82      
304.50    	69.22     	53.46     	42.12     	5.84      
305.00    	68.03     	52.23     	41.71     	5.86      
305.50    	65.65     	51.23     	40.97     	5.88      
306.00    	67.47     	54.54     	41.59     	5.91      
306.50    	71.39     	57.37     	42.88     	5.93      
307.00    	73.06     	56.99     	43.46     	5.94      
307.50    	71.19     	54.56     	42.93     	5.96      
308.00    	69.91     	54.64     	42.61     	5.97      
308.50    	70.49     	54.96     	42.89     	5.97      
309.00    	71.17     	54.15     	43.21     	5.98      
309.50    	71.69     	53.75     	43.47     	5.98      
310.00    	69.55     	51.84     	42.89     	5.97      
310.50    	69.00     	52.67     	42.82     	5.96      
311.00    	71.68     	55.33     	43.73     	5.95      
311.50    	73.20     	55.43     	44.26     	5.94      
312.00    	71.30     	52.16     	43.68     	5.92      
312.50    	70.12     	50.74     	43.31     	5.90      
313.00    	71.45     	51.38     	43.70     	5.87      
313.50    	70.07     	49.58     	43.23     	5.85      
314.00    	70.08     	50.86     	43.17     	5.83      
314.50    	73.56     	54.43     	44.16     	5.80      
315.00    	75.55     	54.79     	44.66     	5.78      
315.50    	73.88     	51.47     	43.98     	5.77      
316.00    	72.63     	50.09     	43.43     	5.76      
316.50    	74.48     	51.89     	43.85     	5.75      
317.00    	75.05     	52.19     	43.85     	5.75      
317.50    	73.50     	50.44     	43.21     	5.74      
318.00    	69.69     	46.60     	41.88     	5.75      
318.50    	68.00     	45.73     	41.25     	5.75      
319.00    	68.71     	46.36     	41.39     	5.75      
319.50    	68.00     	45.66     	41.12     	5.76      
320.00    	68.44     	46.57     	41.22     	5.76      
320.50    	67.89     	46.15     	41.04     	5.77      
321.00    	66.13     	45.90     	40.51     	5.77      
321.50    	64.72     	46.08     	40.12     	5.78      
322.00    	62.11     	44.31     	39.40     	5.79      
322.50    	62.14     	44.70     	39.53     	5.80      
323.00    	63.95     	45.70     	40.24     	5.81      
323.50    	65.19     	46.69     	40.79     	5.82      
324.00    	65.81     	47.10     	41.15     	5.83      
324.50    	63.70     	44.91     	40.64     	5.85      
325.00    	63.51     	46.31     	40.76     	5.86      
325.50    	65.91     	49.88     	41.70     	5.88      
326.00    	66.50     	50.93     	42.05     	5.89      
326.50    	65.74     	50.09     	41.96     	5.91      
327.00    	65.18     	49.31     	41.94     	5.92      
327.50    	66.52     	51.03     	42.51     	5.93      
328.00    	67.12     	52.29     	42.82     	5.93      
328.50    	67.99     	52.83     	43.21     	5.94      
329.00    	70.00     	50.47     	43.94     	5.94      
329.50    	71.40     	48.14     	44.45     	5.93      
330.00    	72.62     	50.84     	44.88     	5.92      
330.50    	71.66     	53.40     	44.61     	5.91      
331.00    	70.40     	53.83     	44.23     	5.88      
331.50    	70.64     	53.38     	44.34     	5.86      
332.00    	71.05     	52.67     	44.50     	5.82      
332.50    	69.06     	50.18     	43.90     	5.78      
333.00    	68.16     	49.99     	43.65     	5.74      
333.50    	70.17     	50.89     	44.32     	5.70      
334.00    	70.57     	48.46     	44.47     	5.66      
334.50    	73.32     	48.43     	45.35     	5.63      
335.00    	77.98     	50.38     	46.79     	5.61      
335.50    	78.49     	51.58     	46.89     	5.60      
336.00    	74.73     	50.81     	45.66     	5.61      
336.50    	69.92     	48.33     	44.14     	5.63      
337.00    	69.99     	49.13     	44.16     	5.66      
337.50    	71.57     	49.91     	44.66     	5.69      
338.00    	71.27     	49.50     	44.58     	5.73      
338.50    	70.71     	49.04     	44.41     	5.77      
339.00    	69.91     	48.44     	44.18     	5.79      
339.50    	71.05     	50.34     	44.55     	5.81      
340.00    	72.27     	52.10     	44.93     	5.81      
340.50    	72.10     	52.12     	44.86     	5.79      
341.00    	69.19     	48.97     	43.94     	5.77      
341.50    	66.51     	47.04     	43.10     	5.74      
342.00    	67.95     	48.60     	43.54     	5.71      
342.50    	69.54     	49.01     	44.03     	5.68      
343.00    	70.81     	49.50     	44.39     	5.65      
343.50    	70.29     	48.98     	44.18     	5.64      
344.00    	67.52     	48.67     	43.28     	5.64      
344.50    	65.57     	49.02     	42.65     	5.65      
345.00    	62.94     	46.57     	41.84     	5.67      
345.50    	62.97     	47.24     	41.88     	5.69      
346.00    	66.55     	51.09     	43.06     	5.72      
346.50    	68.49     	52.52     	43.72     	5.74      
347.00    	67.85     	51.09     	43.58     	5.77      
347.50    	67.07     	50.01     	43.42     	5.78      
348.00    	69.43     	52.43     	44.27     	5.79      
348.50    	71.93     	54.22     	45.17     	5.80      
349.00    	72.47     	53.59     	45.45     	5.80      
349.50    	70.47     	50.06     	44.95     	5.78      
350.00    	69.35     	48.39     	44.74     	5.76      
350.50    	71.60     	50.03     	45.59     	5.73      
351.00    	73.54     	51.05     	46.33     	5.68      
351.50    	72.90     	49.47     	46.24     	5.62      
352.00    	68.90     	45.37     	45.08     	5.56      
352.50    	67.87     	45.50     	44.85     	5.48      
353.00    	69.84     	47.43     	45.52     	5.42      
353.50    	69.32     	46.68     	45.37     	5.36      
354.00    	68.99     	46.66     	45.24     	5.32      
354.50    	69.53     	47.08     	45.32     	5.30      
355.00    	70.52     	47.62     	45.48     	5.31      
355.50    	69.48     	45.62     	44.95     	5.36      
356.00    	67.59     	44.23     	44.09     	5.43      
356.50    	69.57     	47.69     	44.40     	5.52      
357.00    	71.74     	50.80     	44.69     	5.62      
357.50    	72.17     	51.40     	44.38     	5.72      
358.00    	72.30     	50.78     	43.91     	5.82      
358.50    	73.54     	50.94     	43.73     	5.89      
359.00    	74.22     	50.97     	43.32     	5.95      
359.50    	74.07     	50.97     	42.62     	5.97      
360.00    	71.84     	49.09     	41.23     	5.95      
360.50    	70.02     	48.36     	39.97     	5.88      
361.00    	71.37     	50.51     	39.68     	5.75      
361.50    	72.96     	52.59     	39.46     	5.56      
362.00    	73.39     	53.17     	38.86     	5.29      
