0.574190	0	0
0.738931	0	0
0.905755	0	0
0.985660	0	0
1.000000	0	0
0.988972	0	0
0.976822	0	0
0.970738	0	0
0.969496	0	0
0.970223	0	0
0.971105	0	0
0.971567	0	0
0.971672	0	0
0.971625	0	0
0.971561	0	0
0.971526	0	0
0.971517	0	0
0.971520	0	0
0.971525	0	0
0.971528	0	0
0.971528	0	0
0.971528	0	0
0.971528	0	0
0.971528	0	0
0.971528	0	0
0.971528	0	0
0.971528	0	0
0.971528	0	0
0.971528	0	0
0.971528	0	0
0.971528	0	0
0.971528	0	0
0.971528	0	0
0.971528	0	0
0.971528	0	0
0.971528	0	0
0.971528	0	0
0.971528	0	0
0.971528	0	0
0.971528	0	0
0.971528	0	0
0.971528	0	0
0.971528	0	0
0.971528	0	0
0.971528	0	0
0.971528	0	0
0.971528	0	0
0.971528	0	0
0.971528	0	0
0.971528	0	0
0.971528	0	0
0.971528	0	0
0.971528	0	0
0.971528	0	0
0.971528	0	0
0.971528	0	0
0.971528	0	0
0.971528	0	0
0.971528	0	0
0.971528	0	0
0.971528	0	0
0.971528	0	0
0.971528	0	0
0.971528	0	0
0.971528	0	0
0.971528	0	0
0.971528	0	0
0.971528	0	0
0.971528	0	0
0.971528	0	0
0.971528	0	0
0.971528	0	0
0.971528	0	0
0.971528	0	0
0.971528	0	0
0.971528	0	0
0.971528	0	0
0.971528	0	0
0.971528	0	0
0.971528	0	0
0.971528	0	0
0.971528	0	0
0.971528	0	0
0.971528	0	0
0.971528	0	0
0.971528	0	0
0.971528	0	0
0.971528	0	0
0.971528	0	0
0.971528	0	0
0.971528	0	0
0.971528	0	0
0.971528	0	0
0.971528	0	0
0.971528	0	0
0.971528	0	0
0.971528	0	0
0.971528	0	0
0.971528	0	0
0.971528	0	0
0.971528	0	0
0.971528	0	0
0.971528	0	0
0.971528	0	0
0.971528	0	0
0.971528	0	0
0.971528	0	0
0.971528	0	0
0.971528	0	0
0.971528	0	0
0.971528	0	0
0.971528	0	0
0.971528	0	0
0.971528	0	0
0.971528	0	0
0.971528	0	0
0.971528	0	0
0.971528	0	0
0.971528	0	0
0.971528	0	0
0.971528	0	0
0.971528	0	0
0.971528	0	0
0.971528	0	0
0.971528	0	0
0.971528	0	0
0.971528	0	0
0.971528	0	0
0.971528	0	0
0.971528	0	0
0.971528	0	0
0.971528	0	0
0.971528	0	0
0.971528	0	0
0.971528	0	0
0.971528	0	0
0.971528	0	0
0.971528	0	0
0.971528	0	0
0.971528	0	0
0.971528	0	0
0.971528	0	0
0.971528	0	0
0.971528	0	0
0.971528	0	0
0.971528	0	0
0.971528	0	0
0.971528	0	0
0.971528	0	0
0.971528	0	0
0.971528	0	0
0.971528	0	0
0.971528	0	0
0.971528	0	0
0.971528	0	0
0.971528	0	0
0.971528	0	0
0.971528	0	0
0.971528	0	0
0.971528	0	0
0.971528	0	0
0.971528	0	0
0.971528	0	0
0.971528	0	0
0.971528	0	0
0.971528	0	0
0.971528	0	0
0.971528	0	0
0.971528	0	0
0.971528	0	0
0.971528	0	0
0.971528	0	0
0.971528	0	0
0.971528	0	0
0.971528	0	0
0.971528	0	0
0.971528	0	0
0.971528	0	0
0.971528	0	0
0.971528	0	0
0.971528	0	0
0.971528	0	0
0.971528	0	0
0.971528	0	0
0.971528	0	0
0.971528	0	0
0.971528	0	0
0.971528	0	0
0.971528	0	0
0.971528	0	0
0.971528	0	0
0.971528	0	0
0.971528	0	0
0.971528	0	0
0.971528	0	0
0.971528	0	0
0.971528	0	0
0.971528	0	0
0.971528	0	0
0.971528	0	0
0.851620	0	0
0.522139	0	0
0.188489	0	0
0.028680	0	0
0.000000	0	0
0.022056	0	0
0.046357	0	0
0.058524	0	0
0.061008	0	0
0.059553	0	0
0.057789	0	0
0.056866	0	0
0.056656	0	0
0.056750	0	0
0.056878	0	0
0.056948	0	0
0.056965	0	0
0.056959	0	0
0.056950	0	0
0.056945	0	0
0.056943	0	0
0.056944	0	0
0.056944	0	0
0.056945	0	0
0.056945	0	0
0.056945	0	0
0.056945	0	0
0.056945	0	0
0.056945	0	0
0.056945	0	0
0.056945	0	0
0.056945	0	0
0.056945	0	0
0.056945	0	0
0.056945	0	0
0.056945	0	0
0.056945	0	0
0.056945	0	0
0.056945	0	0
0.056945	0	0
0.056945	0	0
0.056945	0	0
0.056945	0	0
0.056945	0	0
0.056945	0	0
0.056945	0	0
0.056945	0	0
0.056945	0	0
0.056945	0	0
0.056945	0	0
0.056945	0	0
0.056945	0	0
0.056945	0	0
0.056945	0	0
0.056945	0	0
0.056945	0	0
0.056945	0	0
0.056945	0	0
0.056945	0	0
0.056945	0	0
0.056945	0	0
0.056945	0	0
0.056945	0	0
0.056945	0	0
0.056945	0	0
0.056945	0	0
0.056945	0	0
0.056945	0	0
0.056945	0	0
0.056945	0	0
0.056945	0	0
0.056945	0	0
0.056945	0	0
0.056945	0	0
0.056945	0	0
0.056945	0	0
0.056945	0	0
0.056945	0	0
0.056945	0	0
0.056945	0	0
0.056945	0	0
0.056945	0	0
0.056945	0	0
0.056945	0	0
0.056945	0	0
0.056945	0	0
0.056945	0	0
0.056945	0	0
0.056945	0	0
0.056945	0	0
0.056945	0	0
0.056945	0	0
0.056945	0	0
0.056945	0	0
0.056945	0	0
0.056945	0	0
0.056945	0	0
0.056945	0	0
0.056945	0	0
0.056945	0	0
0.056945	0	0
0.056945	0	0
0.056945	0	0
0.056945	0	0
0.056945	0	0
0.056945	0	0
0.056945	0	0
0.056945	0	0
0.056945	0	0
0.056945	0	0
0.056945	0	0
0.056945	0	0
0.056945	0	0
0.056945	0	0
0.056945	0	0
0.056945	0	0
0.056945	0	0
0.056945	0	0
0.056945	0	0
0.056945	0	0
0.056945	0	0
0.056945	0	0
0.056945	0	0
0.056945	0	0
0.056945	0	0
0.056945	0	0
0.056945	0	0
0.056945	0	0
0.056945	0	0
0.056945	0	0
0.056945	0	0
0.056945	0	0
0.056945	0	0
0.056945	0	0
0.056945	0	0
0.056945	0	0
0.056945	0	0
0.056945	0	0
0.056945	0	0
0.056945	0	0
0.056945	0	0
0.056945	0	0
0.056945	0	0
0.056945	0	0
0.056945	0	0
0.056945	0	0
0.056945	0	0
0.056945	0	0
0.056945	0	0
0.056945	0	0
0.056945	0	0
0.056945	0	0
0.056945	0	0
0.056945	0	0
0.056945	0	0
0.056945	0	0
0.056945	0	0
0.056945	0	0
0.056945	0	0
0.056945	0	0
0.056945	0	0
0.056945	0	0
0.056945	0	0
0.056945	0	0
0.056945	0	0
0.056945	0	0
0.056945	0	0
0.056945	0	0
0.056945	0	0
0.056945	0	0
0.056945	0	0
0.056945	0	0
0.056945	0	0
0.056945	0	0
0.056945	0	0
0.056945	0	0
0.056945	0	0
0.056945	0	0
0.056945	0	0
0.056945	0	0
0.056945	0	0
0.056945	0	0
0.056945	0	0
0.056945	0	0
0.056945	0	0
0.056945	0	0
0.056945	0	0
0.056945	0	0
0.056945	0	0
0.056945	0	0
0.056945	0	0
0.056945	0	0
0.056945	0	0
0.056945	0	0
0.056945	0	0
0.056945	0	0
0.056945	0	0
0.056945	0	0
0.056945	0	0
0.056945	0	0
0.056945	0	0
0.056945	0	0
0.056945	0	0
0.056945	0	0
0.056945	0	0
0.056945	0	0
0.056945	0	0
0.056945	0	0
0.056945	0	0
0.056945	0	0
0.056945	0	0
0.056945	0	0
0.056945	0	0
0.056945	0	0
0.056945	0	0
0.056945	0	0
0.056945	0	0
0.056945	0	0
0.056945	0	0
0.056945	0	0
0.056945	0	0
0.056945	0	0
0.056945	0	0
0.056945	0	0
0.056945	0	0
0.056945	0	0
0.056945	0	0
0.056945	0	0
0.056945	0	0
0.056945	0	0
0.056945	0	0
0.056945	0	0
0.056945	0	0
0.056945	0	0
0.056945	0	0
0.056945	0	0
0.056945	0	0
0.056945	0	0
0.056945	0	0
0.056945	0	0
0.056945	0	0
0.056945	0	0
0.056945	0	0
0.056945	0	0
0.056945	0	0
0.056945	0	0
0.056945	0	0
0.056945	0	0
0.056945	0	0
0.056945	0	0
0.056945	0	0
0.056945	0	0
0.056945	0	0
0.056945	0	0
0.056945	0	0
0.056945	0	0
0.056945	0	0
0.056945	0	0
0.056945	0	0
0.056945	0	0
0.056945	0	0
0.056945	0	0
0.056945	0	0
0.056945	0	0
0.056945	0	0
0.056945	0	0
0.056945	0	0
0.056945	0	0
0.056945	0	0
0.056945	0	0
0.056945	0	0
0.056945	0	0
0.056945	0	0
0.056945	0	0
0.056945	0	0
0.056945	0	0
0.056945	0	0
0.056945	0	0
0.056945	0	0
0.056945	0	0
0.056945	0	0
0.056945	0	0
0.056945	0	0
0.056945	0	0
0.056945	0	0
0.056945	0	0
0.056945	0	0
0.056945	0	0
0.056945	0	0
0.056945	0	0
0.056945	0	0
0.056945	0	0
0.056945	0	0
0.056945	0	0
0.056945	0	0
0.056945	0	0
0.056945	0	0
0.056945	0	0
0.056945	0	0
0.056945	0	0
